#     BM23  -  E.S.R.F.  - Thu Dec 10 16:29:59 2015
#S 31 scan 8.8767 9.62357 462 1
#T 1 (Seconds)
# file name: /data/bm23/inhouse/Phelma_9591/Cu_foil_first
# -------------------------------------------------------
# primary slit vertical aperture 0.3 mm
# monochromator:  Si (1 1 1) flat
# adopted d spacing  3.13467 Angstroems
# first crystal initial temperature -164.8 C
# harmonic rejection mirror: Si at 3.0 mrad
# experimental slit horizontal aperture 5 mm
# experimental slit vertical aperture 15 mm
# initial ring current 84.9651 mA
# electrometer ranges for I0 - 1e-07 mA, I1 - 1e-07 mA (I2 - 3e-08 mA)
# -------------------------------------------------------
# EXAFS scan with optimized energy mesh
# parameter file name: /data/bm23/inhouse/Phelma_9591/acq.par
# scan parameter file name: /data/bm23/inhouse/Phelma_9591/CuKedge.par
# Energy limits  8.8767 - 9.62357 KeV
# Detuning = 0 Loeffen, Piezzo position: init=0, end=0
# acquisition time per scan point 1 s
# target I0 counts for feedback (type 0) init=0, end=0 counts/s, tif = 1, tiw = 0.2
# none
# -------------------------------------------------------
#N 15
#L E[keV]  alpha  I0  I1  I2  point_nb  qg1  T1  T2  E_enc[keV]  ref  log_i1_i2  S[cal1]  S[cal2]  elapseT
8.87670517 4.67649 91981 856 741 1 14387.7 0 0 8.87345 0.144179 0.144179 1 1 1.34607
8.88169289 4.48677 108333 1219 1037 2 14007 0 0 8.87831 0.161627 0.161627 1 1 3.27548
8.88670444 4.13556 125205 2002 1742 3 13267.7 0 0 8.88328 0.139076 0.139076 1 1 5.12476
8.89170361 0.297302 260797 193725 171930 4 10463.9 0 0 8.88829 0.119352 0.119352 1 1 7.2733
8.89670849 0.176302 6160293 5164573 4585304 5 6052.49 0 0 8.89332 0.118966 0.118966 1 1 9.38629
8.90170002 0.174284 6165485 5179368 4607426 6 6012.82 0 0 8.89829 0.117014 0.117014 1 1 11.4383
8.90669727 0.172354 6167600 5191152 4627315 7 5982.3 0 0 8.90329 0.114979 0.114979 1 1 13.3159
8.91170025 0.170333 6171883 5205267 4649198 8 5950.26 0 0 8.90829 0.112976 0.112976 1 1 15.4045
8.9167099 0.168548 6176019 5218060 4670715 9 5913.63 0 0 8.91333 0.110814 0.110814 1 1 17.5025
8.92170525 0.16663 6176540 5228519 4689013 10 5891.51 0 0 8.91829 0.108906 0.108906 1 1 19.5963
8.92670631 0.164916 6178739 5239355 4708837 11 5867.86 0 0 8.9233 0.106757 0.106757 1 1 21.4465
8.93169498 0.163307 6155120 5227730 4707679 12 5857.94 0 0 8.92827 0.104782 0.104782 1 1 23.539
8.9367075 0.161846 6175237 5252484 4739251 13 5837.34 0 0 8.93328 0.102822 0.102822 1 1 25.4409
8.94170761 0.160526 6168670 5253832 4750037 14 5810.64 0 0 8.93823 0.100805 0.100805 1 1 27.5651
8.94669342 0.159537 6149102 5242347 4749155 15 5809.11 0 0 8.9432 0.0988026 0.0988026 1 1 29.6106
8.95113087 0.158998 6182319 5273505 4785111 16 5790.04 0 0 8.94765 0.097186 0.097186 1 1 31.4546
8.95442295 0.159007 6182653 5273746 4792853 17 5794.61 0 0 8.95095 0.0956151 0.0956151 1 1 33.302
8.95656872 0.159086 6181952 5272731 4795057 18 5747.31 0 0 8.95306 0.0949628 0.0949628 1 1 35.1818
8.95706654 0.159122 6182213 5272761 4796101 19 5735.1 0 0 8.95358 0.0947508 0.0947508 1 1 37.0193
8.95756435 0.159244 6182797 5272617 4797296 20 5755.7 0 0 8.95408 0.0944744 0.0944744 1 1 38.6177
8.95806313 0.159398 6182518 5271567 4798237 21 5741.21 0 0 8.95458 0.0940791 0.0940791 1 1 40.4538
8.9585619 0.159377 6177524 5267417 4794308 22 5752.65 0 0 8.95508 0.0941107 0.0941107 1 1 42.0373
8.95905972 0.159658 6183245 5270814 4799048 23 5741.21 0 0 8.95556 0.0937672 0.0937672 1 1 43.8767
8.95957756 0.159876 6183876 5270204 4799464 24 5764.1 0 0 8.95606 0.0935648 0.0935648 1 1 45.4729
8.96007538 0.160009 6183904 5269529 4800032 25 5733.58 0 0 8.95654 0.0933184 0.0933184 1 1 47.3122
8.96057415 0.16009 6183568 5268816 4799642 26 5741.97 0 0 8.95706 0.0932643 0.0932643 1 1 48.9512
8.96107292 0.160379 6184111 5267755 4799986 27 5728.24 0 0 8.95756 0.0929913 0.0929913 1 1 50.5518
8.96157169 0.160675 6185110 5267049 4800112 28 5720.61 0 0 8.95806 0.092831 0.092831 1 1 52.3906
8.96207047 0.160734 6184433 5266160 4800743 29 5734.34 0 0 8.95855 0.0925307 0.0925307 1 1 53.984
8.96256924 0.160991 6184409 5264785 4800863 30 5738.92 0 0 8.95901 0.0922446 0.0922446 1 1 55.94
8.96306801 0.161347 6184882 5263315 4800165 31 5735.87 0 0 8.9595 0.0921108 0.0921108 1 1 57.6611
8.96356678 0.161718 6184747 5261249 4799597 32 5732.81 0 0 8.96001 0.0918365 0.0918365 1 1 59.2517
8.96406555 0.162096 6185570 5259958 4799314 33 5719.84 0 0 8.96053 0.09165 0.09165 1 1 61.1438
8.96456432 0.162552 6184859 5256954 4797288 34 5735.87 0 0 8.96103 0.091501 0.091501 1 1 62.9876
8.96506405 0.162952 6184437 5254497 4796549 35 5727.47 0 0 8.96152 0.0911876 0.0911876 1 1 64.6832
8.96556282 0.163568 6183286 5250283 4793845 36 5728.24 0 0 8.96202 0.0909492 0.0909492 1 1 66.5429
8.96606159 0.164116 6184606 5248528 4793202 37 5725.19 0 0 8.96252 0.090749 0.090749 1 1 68.3252
8.96656132 0.164501 6185152 5246971 4792130 38 5740.44 0 0 8.963 0.090676 0.090676 1 1 69.9756
8.96706009 0.165378 6184281 5241630 4788733 39 5713.74 0 0 8.96351 0.0903666 0.0903666 1 1 71.8228
8.96755981 0.166098 6184861 5238349 4786817 40 5709.16 0 0 8.96401 0.0901407 0.0901407 1 1 73.6791
8.96805954 0.166966 6184295 5233327 4782947 41 5723.66 0 0 8.96453 0.0899903 0.0899903 1 1 75.5241
8.96855927 0.167966 6184451 5228229 4779356 42 5732.05 0 0 8.96503 0.0897668 0.0897668 1 1 77.3194
8.96905804 0.169042 6184252 5222435 4775499 43 5718.32 0 0 8.96551 0.0894653 0.0894653 1 1 78.9606
8.96955872 0.170123 6183921 5216517 4770940 44 5707.64 0 0 8.966 0.0892866 0.0892866 1 1 80.8173
8.97007656 0.171559 6184253 5209311 4765375 45 5708.4 0 0 8.96652 0.0890714 0.0890714 1 1 82.6618
8.97057724 0.173063 6183960 5201236 4759040 46 5703.06 0 0 8.96702 0.0888503 0.0888503 1 1 84.4496
8.97107601 0.1748 6184114 5192338 4751627 47 5682.46 0 0 8.96754 0.088697 0.088697 1 1 86.089
8.97157574 0.17689 6183778 5181215 4743070 48 5691.62 0 0 8.96804 0.088355 0.088355 1 1 87.9259
8.97207642 0.179124 6183536 5169449 4732560 49 5712.98 0 0 8.96854 0.0882998 0.0882998 1 1 89.5185
8.97257614 0.181792 6184092 5156139 4721854 50 5700.77 0 0 8.96904 0.0879865 0.0879865 1 1 91.3659
8.97307587 0.184773 6184395 5141045 4708491 51 5697.72 0 0 8.96953 0.0878889 0.0878889 1 1 92.9628
8.97357559 0.188696 6183423 5120112 4690598 52 5693.9 0 0 8.97003 0.0876162 0.0876162 1 1 94.8027
8.97407627 0.193231 6183311 5096850 4670265 53 5704.59 0 0 8.97051 0.0874069 0.0874069 1 1 96.4015
8.974576 0.198984 6184014 5068188 4645070 54 5691.62 0 0 8.97103 0.0871769 0.0871769 1 1 98.249
8.97507668 0.205969 6183765 5032708 4613484 55 5690.09 0 0 8.97155 0.0869749 0.0869749 1 1 99.8556
8.9755764 0.215162 6182650 4985757 4570732 56 5681.7 0 0 8.97204 0.0869119 0.0869119 1 1 101.698
8.97607708 0.227361 6182296 4925021 4515817 57 5681.7 0 0 8.97252 0.0867424 0.0867424 1 1 103.285
8.97657776 0.245034 6181967 4838490 4438104 58 5674.07 0 0 8.97301 0.0863754 0.0863754 1 1 105.205
8.97705841 0.269567 6182354 4721524 4330736 59 5666.44 0 0 8.97349 0.0863941 0.0863941 1 1 107
8.97755909 0.310004 6182054 4534192 4160480 60 5705.35 0 0 8.974 0.0860164 0.0860164 1 1 108.589
8.97805977 0.381304 6181815 4221997 3874000 61 5674.07 0 0 8.97452 0.0860207 0.0860207 1 1 110.44
8.97856045 0.499081 6181253 3752568 3443423 62 5688.56 0 0 8.975 0.0859744 0.0859744 1 1 112.035
8.97906113 0.666675 6181416 3173618 2912578 63 5656.52 0 0 8.9755 0.0858336 0.0858336 1 1 113.87
8.97956181 0.83143 6180926 2691336 2470163 64 5663.39 0 0 8.97601 0.0857536 0.0857536 1 1 115.459
8.98006248 0.948523 6179511 2393402 2196843 65 5671.78 0 0 8.97649 0.0856944 0.0856944 1 1 117.301
8.98056316 1.00699 6179459 2257461 2072103 66 5659.57 0 0 8.97698 0.0856767 0.0856767 1 1 118.943
8.9810648 1.02815 6177795 2209609 2028762 67 5674.07 0 0 8.97748 0.0853898 0.0853898 1 1 120.798
8.98156452 1.02252 6177747 2222068 2040567 68 5678.64 0 0 8.978 0.0852106 0.0852106 1 1 122.599
8.98206615 1.00285 6176520 2265737 2081454 69 5664.15 0 0 8.9785 0.0848334 0.0848334 1 1 124.186
8.98256683 0.982224 6176431 2312932 2125742 70 5653.47 0 0 8.97899 0.084395 0.084395 1 1 125.824
8.98306847 0.974632 6176065 2330422 2142242 71 5660.33 0 0 8.97948 0.0841964 0.0841964 1 1 127.672
8.98356915 0.987371 6175056 2300546 2115566 72 5654.99 0 0 8.97996 0.0838241 0.0838241 1 1 129.258
8.98407078 1.01938 6175448 2228218 2049672 73 5678.64 0 0 8.98047 0.0835224 0.0835224 1 1 131.114
8.98457241 1.05885 6174193 2141538 1970478 74 5647.36 0 0 8.98099 0.0832481 0.0832481 1 1 132.709
8.98507309 1.09819 6175767 2059464 1895245 75 5646.6 0 0 8.98151 0.0830976 0.0830976 1 1 134.558
8.98557472 1.13205 6175689 1990860 1832421 76 5671.02 0 0 8.98201 0.0829286 0.0829286 1 1 136.148
8.98607635 1.16625 6176099 1924060 1770504 77 5633.63 0 0 8.98251 0.0831733 0.0831733 1 1 138
8.98655891 1.20177 6175806 1856822 1709630 78 5639.73 0 0 8.98298 0.0825894 0.0825894 1 1 139.599
8.98706055 1.2467 6174270 1774804 1634021 79 5637.45 0 0 8.98349 0.0826461 0.0826461 1 1 141.454
8.98756123 1.29828 6171129 1684732 1551159 80 5640.5 0 0 8.98397 0.0826041 0.0826041 1 1 143.048
8.98806381 1.35818 6173756 1587450 1461892 81 5635.16 0 0 8.98449 0.0823974 0.0823974 1 1 144.911
8.98856544 1.42639 6173993 1482831 1365957 82 5621.42 0 0 8.985 0.0820978 0.0820978 1 1 146.502
8.98906708 1.50247 6173644 1374121 1266056 83 5629.82 0 0 8.98552 0.0819077 0.0819077 1 1 148.374
8.98956871 1.58443 6173458 1265955 1166347 84 5624.48 0 0 8.98601 0.0819501 0.0819501 1 1 150.174
8.9900713 1.6681 6172998 1164260 1073064 85 5642.79 0 0 8.98649 0.0815675 0.0815675 1 1 151.777
8.99057293 1.75091 6173005 1071728 987700 86 5606.93 0 0 8.987 0.0816485 0.0816485 1 1 153.634
8.99107552 1.82884 6174034 991552 914145 87 5606.16 0 0 8.9875 0.0812821 0.0812821 1 1 155.494
8.99157715 1.89815 6172215 924880 852469 88 5596.25 0 0 8.988 0.0815271 0.0815271 1 1 157.337
8.99205971 1.95531 6171881 873444 805372 89 5596.25 0 0 8.98851 0.0811397 0.0811397 1 1 158.923
8.99256229 2.00087 6171520 834494 769610 90 5608.45 0 0 8.98901 0.0809416 0.0809416 1 1 160.539
8.99306393 2.02888 6171626 811460 748741 91 5606.16 0 0 8.98952 0.0804419 0.0804419 1 1 162.385
8.99356651 2.03622 6169747 805283 743095 92 5603.11 0 0 8.99002 0.0803698 0.0803698 1 1 164.222
8.9940691 2.02654 6170946 813273 750698 93 5603.88 0 0 8.99051 0.0800634 0.0800634 1 1 166.062
8.99457169 2.00596 6168682 829877 766360 94 5578.7 0 0 8.991 0.0796254 0.0796254 1 1 167.672
8.99507427 1.97763 6169985 853909 788698 95 5593.19 0 0 8.9915 0.0794411 0.0794411 1 1 169.52
8.9955759 1.94758 6168756 879778 812690 96 5608.45 0 0 8.99202 0.0793198 0.0793198 1 1 171.114
8.99605942 1.91879 6168721 905474 836914 97 5580.22 0 0 8.99251 0.0787372 0.0787372 1 1 172.966
8.996562 1.8919 6167281 929930 859497 98 5573.36 0 0 8.993 0.0787619 0.0787619 1 1 174.579
8.99706554 1.86952 6164592 950564 878783 99 5579.46 0 0 8.99349 0.0785175 0.0785175 1 1 176.413
8.99756813 1.85436 6166346 965365 893169 100 5590.91 0 0 8.99397 0.0777304 0.0777304 1 1 178.013
8.99807072 1.84655 6164622 972653 899952 101 5597.77 0 0 8.99448 0.0776859 0.0776859 1 1 179.86
8.9985733 1.84808 6165156 971257 898537 102 5568.02 0 0 8.995 0.0778232 0.0778232 1 1 181.7
8.99909592 1.85975 6164574 959896 888360 103 5551.23 0 0 8.99552 0.0774478 0.0774478 1 1 183.305
8.99961853 1.88273 6164408 938067 868501 104 5568.02 0 0 8.99604 0.0770526 0.0770526 1 1 185.151
9.00014114 1.91508 6164909 908278 840821 105 5561.91 0 0 8.99657 0.0771717 0.0771717 1 1 186.994
9.0006628 1.95498 6164534 872696 808025 106 5571.83 0 0 8.99709 0.0769942 0.0769942 1 1 188.835
9.00120544 1.99637 6164344 837284 775460 107 5570.31 0 0 8.99761 0.0767069 0.0767069 1 1 190.448
9.00176716 2.03432 6164866 806179 746951 108 5548.94 0 0 8.99817 0.0763062 0.0763062 1 1 192.29
9.00230885 2.05672 6165942 788455 730724 109 5551.23 0 0 8.99873 0.0760395 0.0760395 1 1 194.126
9.00287056 2.06221 6166651 784228 727018 110 5547.42 0 0 8.9993 0.0757485 0.0757485 1 1 195.711
9.00345135 2.04882 6166769 794815 736837 111 5554.28 0 0 8.99988 0.0757426 0.0757426 1 1 197.554
9.00401211 2.02297 6166905 815651 756257 112 5560.39 0 0 9.00042 0.0756053 0.0756053 1 1 199.157
9.00459385 1.98842 6166745 844300 782967 113 5534.45 0 0 9.00098 0.0754173 0.0754173 1 1 201.006
9.00519371 1.95277 6166287 874879 811873 114 5541.31 0 0 9.00159 0.0747416 0.0747416 1 1 202.596
9.00579453 1.92024 6163686 903419 838345 115 5525.29 0 0 9.00222 0.0747567 0.0747567 1 1 204.435
9.00639534 1.89399 6161909 927187 860691 116 5532.16 0 0 9.00283 0.0744197 0.0744197 1 1 206.082
9.00699615 1.87157 6166920 948977 881334 117 5535.21 0 0 9.00342 0.0739479 0.0739479 1 1 207.915
9.00761604 1.8508 6166698 968862 899955 118 5505.46 0 0 9.00405 0.0737774 0.0737774 1 1 209.526
9.00823689 1.82928 6167935 990135 920002 119 5523.77 0 0 9.00466 0.0734654 0.0734654 1 1 211.367
9.0088768 1.80749 6168002 1011956 940731 120 5535.21 0 0 9.00529 0.0729831 0.0729831 1 1 212.984
9.00949669 1.7885 6167485 1031273 958750 121 5528.34 0 0 9.00593 0.0729189 0.0729189 1 1 214.82
9.01015663 1.774 6167883 1046398 972875 122 5520.71 0 0 9.0066 0.0728534 0.0728534 1 1 216.417
9.01079655 1.76671 6167759 1054032 980326 123 5492.48 0 0 9.00722 0.0724929 0.0724929 1 1 218.266
9.01145649 1.76541 6167890 1055425 981859 124 5513.85 0 0 9.00785 0.0722511 0.0722511 1 1 219.867
9.01211548 1.76833 6168247 1052409 979437 125 5497.83 0 0 9.00853 0.0718591 0.0718591 1 1 221.712
9.01279449 1.7733 6167706 1047101 974482 126 5511.56 0 0 9.00923 0.0718746 0.0718746 1 1 223.557
9.01347351 1.78029 6168150 1039882 968271 127 5508.51 0 0 9.00991 0.0713505 0.0713505 1 1 225.15
9.01415348 1.78925 6169754 1030878 960050 128 5517.66 0 0 9.0106 0.0711807 0.0711807 1 1 226.986
9.01485252 1.80068 6169251 1019073 949324 129 5518.43 0 0 9.01128 0.0708985 0.0708985 1 1 228.58
9.01555061 1.81507 6170330 1004697 936221 130 5510.8 0 0 9.01196 0.0705897 0.0705897 1 1 230.415
9.01625061 1.83244 6170578 987428 920228 131 5504.69 0 0 9.01266 0.0704821 0.0704821 1 1 232.06
9.01696873 1.85313 6171252 967317 901778 132 5495.54 0 0 9.01339 0.0701579 0.0701579 1 1 233.657
9.0176878 1.87504 6170584 946255 882048 133 5503.17 0 0 9.01409 0.0702656 0.0702656 1 1 235.492
9.01840687 1.89707 6172315 925893 863676 134 5523 0 0 9.01478 0.0695609 0.0695609 1 1 237.078
9.01914501 1.91937 6171640 905377 844613 135 5523.77 0 0 9.01553 0.0694729 0.0694729 1 1 238.723
9.01988316 1.94078 6171089 886120 826954 136 5505.46 0 0 9.01628 0.0691033 0.0691033 1 1 240.57
9.02062225 1.96093 6170749 868392 810408 137 5504.69 0 0 9.01701 0.0691054 0.0691054 1 1 242.163
9.02138138 1.98184 6172348 850644 794259 138 5497.83 0 0 9.01777 0.0685841 0.0685841 1 1 244.001
9.0221386 2.00197 6171960 833643 778656 139 5501.64 0 0 9.01852 0.0682359 0.0682359 1 1 245.609
9.02289772 2.02098 6169929 817676 763968 140 5469.6 0 0 9.01927 0.0679402 0.0679402 1 1 247.467
9.02367592 2.03741 6171413 804538 751878 141 5494.77 0 0 9.02008 0.0676941 0.0676941 1 1 249.264
9.02445412 2.0489 6168898 795025 743207 142 5474.17 0 0 9.02085 0.0673989 0.0673989 1 1 250.871
9.02525139 2.05305 6152595 789642 738662 143 5482.57 0 0 9.02162 0.0667392 0.0667392 1 1 252.717
9.02604961 2.04943 6124968 788947 738251 144 5466.54 0 0 9.02241 0.0664152 0.0664152 1 1 254.32
9.02684784 2.0362 6133057 800510 749181 145 5465.78 0 0 9.02325 0.0662684 0.0662684 1 1 256.156
9.02764606 2.01712 6161898 819765 767487 146 5448.23 0 0 9.02404 0.0658961 0.0658961 1 1 257.751
9.02846432 1.99286 6169153 840884 787281 147 5456.63 0 0 9.02486 0.0658684 0.0658684 1 1 259.583
9.02928257 1.96737 6169296 862613 808002 148 5471.12 0 0 9.02567 0.0654016 0.0654016 1 1 261.221
9.0301199 1.94067 6169948 886049 829998 149 5414.66 0 0 9.02651 0.0653489 0.0653489 1 1 262.817
9.03095818 1.9142 6169815 909803 852822 150 5429.16 0 0 9.02737 0.0646772 0.0646772 1 1 264.666
9.0317955 1.89103 6169817 931125 872982 151 5429.92 0 0 9.0282 0.0644786 0.0644786 1 1 266.26
9.03263378 1.87155 6169127 949336 890553 152 5448.23 0 0 9.029 0.0639201 0.0639201 1 1 268.108
9.03349113 1.8571 6167881 962954 903646 153 5447.47 0 0 9.02988 0.0635679 0.0635679 1 1 269.708
9.03436852 1.84537 6168438 974411 914630 154 5420.77 0 0 9.03078 0.0633135 0.0633135 1 1 271.556
9.03522682 1.83858 6167962 980975 921406 155 5420 0 0 9.03164 0.0626462 0.0626462 1 1 273.146
9.03610516 1.83457 6167131 984783 925109 156 5434.5 0 0 9.0325 0.0625097 0.0625097 1 1 274.983
9.03698349 1.83405 6167839 985407 925914 157 5420 0 0 9.03336 0.0622734 0.0622734 1 1 276.576
9.0378809 1.8373 6168202 982265 923514 158 5417.72 0 0 9.03429 0.0616751 0.0616751 1 1 278.464
9.03877831 1.84245 6168360 977241 918944 159 5410.85 0 0 9.03515 0.0615081 0.0615081 1 1 280.307
9.03967667 1.85006 6169256 969973 912362 160 5407.8 0 0 9.03603 0.0612314 0.0612314 1 1 282.154
9.0405941 1.85711 6169367 963176 906108 161 5406.27 0 0 9.03696 0.0610776 0.0610776 1 1 283.748
9.04151249 1.86221 6170199 958410 902109 162 5398.64 0 0 9.03789 0.0605403 0.0605403 1 1 285.594
9.04243088 1.86427 6171074 956573 900998 163 5400.93 0 0 9.03881 0.059854 0.059854 1 1 287.195
9.04336834 1.86288 6172495 958126 902570 164 5394.83 0 0 9.03974 0.059733 0.059733 1 1 289.046
9.04430676 1.85993 6171797 960850 905595 165 5399.4 0 0 9.04067 0.0592261 0.0592261 1 1 290.643
9.04524517 1.85688 6172579 963900 908796 166 5387.2 0 0 9.04164 0.0588669 0.0588669 1 1 292.492
9.04620266 1.85752 6172771 963316 908433 167 5391.78 0 0 9.04255 0.0586603 0.0586603 1 1 294.08
9.0471611 1.86196 6173259 959121 905115 168 5377.28 0 0 9.04352 0.0579552 0.0579552 1 1 295.969
9.04811954 1.86888 6172822 952444 898755 169 5358.21 0 0 9.04451 0.0580208 0.0580208 1 1 297.817
9.04909801 1.87845 6172062 943256 890531 170 5374.99 0 0 9.0455 0.0575198 0.0575198 1 1 299.653
9.05007648 1.88621 6172300 936003 883703 171 5355.15 0 0 9.04646 0.0574976 0.0574976 1 1 301.276
9.05105495 1.89129 6171853 931187 879748 172 5358.97 0 0 9.04743 0.0568246 0.0568246 1 1 303.063
9.05205345 1.89314 6170761 929303 878290 173 5362.02 0 0 9.04847 0.056458 0.056458 1 1 304.699
9.05305195 1.89324 6172956 929543 879053 174 5358.21 0 0 9.04944 0.0558478 0.0558478 1 1 306.301
9.0540514 1.89352 6171451 929055 878722 175 5330.74 0 0 9.05041 0.0556993 0.0556993 1 1 308.139
9.05506992 1.89587 6171811 926927 877091 176 5339.13 0 0 9.05147 0.055264 0.055264 1 1 309.741
9.05608845 1.90236 6171474 920879 871573 177 5339.13 0 0 9.05249 0.055029 0.055029 1 1 311.591
9.05712795 1.91191 6169717 911870 863656 178 5318.53 0 0 9.05352 0.0543229 0.0543229 1 1 313.187
9.05814648 1.92331 6167488 901204 853975 179 5297.93 0 0 9.05452 0.0538297 0.0538297 1 1 315.044
9.05918598 1.93544 6166620 890217 843669 180 5282.67 0 0 9.0556 0.053705 0.053705 1 1 316.886
9.06024551 1.94494 6142083 878289 832695 181 5300.22 0 0 9.05661 0.0533082 0.0533082 1 1 318.471
9.06130505 1.95377 6087083 862774 818366 182 5285.73 0 0 9.05767 0.0528431 0.0528431 1 1 320.318
9.06236458 1.9613 6130899 862468 818328 183 5289.54 0 0 9.05876 0.0525348 0.0525348 1 1 321.923
9.06342411 1.96757 6163107 861579 818017 184 5252.92 0 0 9.05982 0.0518836 0.0518836 1 1 323.782
9.06450367 1.97445 6166109 856084 812774 185 5265.89 0 0 9.0609 0.0519154 0.0519154 1 1 325.391
9.06558418 1.98241 6167752 849530 807240 186 5237.66 0 0 9.062 0.0510622 0.0510622 1 1 327.235
9.0666647 1.99235 6169286 841334 799613 187 5264.36 0 0 9.06309 0.0508608 0.0508608 1 1 328.83
9.06776524 2.00362 6169530 831935 791149 188 5255.97 0 0 9.06415 0.050268 0.050268 1 1 330.671
9.06886578 2.01517 6171151 822600 782658 189 5235.37 0 0 9.06529 0.0497742 0.0497742 1 1 332.254
9.06998539 2.0255 6170663 814085 774650 190 5232.32 0 0 9.06642 0.0496534 0.0496534 1 1 334.102
9.07108688 2.0323 6171448 808666 769984 191 5244.53 0 0 9.06752 0.0490162 0.0490162 1 1 335.7
9.07220745 2.03358 6170534 807515 769415 192 5192.65 0 0 9.06863 0.0483311 0.0483311 1 1 337.553
9.073349 2.02954 6170935 810834 772571 193 5232.32 0 0 9.0698 0.0483394 0.0483394 1 1 339.162
9.07449055 2.01885 6170085 819434 780963 194 5193.41 0 0 9.0709 0.0480861 0.0480861 1 1 341.024
9.07563114 2.00457 6168129 830955 792745 195 5178.15 0 0 9.07203 0.047074 0.047074 1 1 342.619
9.07677364 1.98593 6161401 845674 807035 196 5196.46 0 0 9.0732 0.0467669 0.0467669 1 1 344.487
9.07793522 1.96379 6095053 855295 816478 197 5160.6 0 0 9.07436 0.0464464 0.0464464 1 1 346.344
9.07909775 1.94512 6031961 862393 823880 198 5181.2 0 0 9.07549 0.0456862 0.0456862 1 1 348.14
9.08025932 1.92491 6174018 900719 861036 199 5159.84 0 0 9.0767 0.045057 0.045057 1 1 349.732
9.08144283 1.90711 6173972 916892 876700 200 5149.92 0 0 9.07783 0.0448248 0.0448248 1 1 351.63
9.08262444 1.89049 6173014 932111 891529 201 5162.89 0 0 9.07902 0.0445139 0.0445139 1 1 353.491
9.08382797 1.875 6171350 946405 905644 202 5146.11 0 0 9.08025 0.0440243 0.0440243 1 1 355.285
9.08501148 1.86212 6168440 958226 917408 203 5136.95 0 0 9.08144 0.0435313 0.0435313 1 1 356.879
9.08621502 1.85163 6156982 966532 925838 204 5127.79 0 0 9.08263 0.0430151 0.0430151 1 1 358.72
9.08743763 1.8457 6021278 950848 911125 205 5124.74 0 0 9.08389 0.0426741 0.0426741 1 1 360.381
9.08866215 1.84045 6164853 978645 938288 206 5137.71 0 0 9.08508 0.042112 0.042112 1 1 362.171
9.08988667 1.83182 6175327 988808 948480 207 5117.88 0 0 9.08631 0.0416395 0.0416395 1 1 363.768
9.09111118 1.81907 6174963 1001433 961145 208 5125.51 0 0 9.08757 0.041062 0.041062 1 1 365.565
9.09235573 1.80358 6173504 1016829 976362 209 5114.06 0 0 9.0888 0.0406108 0.0406108 1 1 367.157
9.09360123 1.78629 6173602 1034581 993939 210 5089.65 0 0 9.09004 0.0400759 0.0400759 1 1 369.002
9.09484577 1.77055 6173440 1050957 1009943 211 5105.67 0 0 9.09129 0.0398073 0.0398073 1 1 370.594
9.0961113 1.75706 6172324 1065048 1023932 212 5098.04 0 0 9.09251 0.0393697 0.0393697 1 1 372.446
9.09737778 1.74897 6171234 1073509 1032636 213 5092.7 0 0 9.0938 0.0388179 0.0388179 1 1 374.049
9.0986433 1.74659 6169861 1075822 1035293 214 5095.75 0 0 9.09506 0.0384005 0.0384005 1 1 375.895
9.09992981 1.74988 6168917 1072126 1032402 215 5092.7 0 0 9.09633 0.0377554 0.0377554 1 1 377.492
9.10121632 1.75809 6165954 1062853 1023737 216 5086.59 0 0 9.09763 0.0374971 0.0374971 1 1 379.326
9.10250378 1.76978 6162680 1049941 1011752 217 5069.81 0 0 9.09891 0.0370505 0.0370505 1 1 380.975
9.10381031 1.78422 6146269 1032133 995213 218 5081.25 0 0 9.10019 0.036426 0.036426 1 1 382.817
9.1051178 1.80212 6031826 994946 960011 219 5085.83 0 0 9.10153 0.0357437 0.0357437 1 1 384.672
9.10642719 1.81734 6164726 1001506 966754 220 5090.41 0 0 9.10285 0.0353161 0.0353161 1 1 386.533
9.10775471 1.83172 6164861 987229 953293 221 5061.42 0 0 9.10416 0.0349797 0.0349797 1 1 388.33
9.10908318 1.84437 6163494 974598 941589 222 5062.94 0 0 9.10551 0.0344562 0.0344562 1 1 389.92
9.1104126 1.85412 6160696 964711 932530 223 5061.42 0 0 9.1068 0.0339272 0.0339272 1 1 391.817
9.11176205 1.86147 6155134 956780 925230 224 5046.16 0 0 9.10819 0.0335311 0.0335311 1 1 393.681
9.1131115 1.86428 6109565 947026 916341 225 5053.79 0 0 9.10953 0.032938 0.032938 1 1 395.48
9.1144619 1.8677 6019090 929823 900093 226 5053.03 0 0 9.11085 0.0324961 0.0324961 1 1 397.125
9.11583233 1.86538 6165255 954610 924296 227 5020.98 0 0 9.11225 0.0322705 0.0322705 1 1 398.975
9.11720276 1.86452 6165616 955485 925709 228 5027.08 0 0 9.11359 0.0316591 0.0316591 1 1 400.81
9.11857414 1.86554 6163733 954219 925171 229 5006.49 0 0 9.11497 0.0309146 0.0309146 1 1 402.405
9.11996555 1.86991 6162805 949916 921440 230 5004.96 0 0 9.11636 0.0304359 0.0304359 1 1 404.254
9.12133789 1.87942 6162654 940904 913092 231 5008.01 0 0 9.11773 0.0300045 0.0300045 1 1 405.846
9.12275028 1.89567 6161609 925582 898620 232 4982.83 0 0 9.11916 0.0295625 0.0295625 1 1 407.692
9.12414265 1.91791 6162081 905294 879342 233 4993.51 0 0 9.12054 0.0290858 0.0290858 1 1 409.276
9.12555599 1.94423 6162970 881900 857132 234 4972.15 0 0 9.12195 0.0284867 0.0284867 1 1 411.126
9.12696934 1.96977 6162990 859668 835997 235 4947.74 0 0 9.12339 0.0279212 0.0279212 1 1 412.712
9.12840366 1.99149 6162330 841109 818535 236 4954.6 0 0 9.12482 0.0272051 0.0272051 1 1 414.556
9.12981796 2.00343 6099951 822714 801077 237 4931.72 0 0 9.12626 0.0266515 0.0266515 1 1 416.204
9.13127327 2.01119 6078989 813550 792358 238 4945.45 0 0 9.12769 0.0263941 0.0263941 1 1 418.037
9.13270855 2.01251 6115574 817360 796454 239 4935.53 0 0 9.12911 0.0259102 0.0259102 1 1 419.645
9.13416481 2.00591 6163556 829234 808632 240 4932.48 0 0 9.13058 0.0251584 0.0251584 1 1 421.488
9.13562107 1.99736 6164907 836535 816137 241 4924.85 0 0 9.13202 0.0246861 0.0246861 1 1 423.362
9.13707733 1.98718 6165801 845215 825045 242 4926.38 0 0 9.13347 0.0241531 0.0241531 1 1 425.158
9.13855362 1.97516 6166349 855516 835572 243 4934 0 0 9.13493 0.0235883 0.0235883 1 1 426.753
9.14003181 1.96039 6167511 868409 848671 244 4914.93 0 0 9.1364 0.0229912 0.0229912 1 1 428.598
9.14153004 1.94288 6168340 883868 864068 245 4907.3 0 0 9.13791 0.0226562 0.0226562 1 1 430.199
9.14300823 1.92162 6169374 903006 883568 246 4888.23 0 0 9.13939 0.0217609 0.0217609 1 1 432.072
9.14450741 1.89729 6169262 925229 905681 247 4888.99 0 0 9.1409 0.0213541 0.0213541 1 1 433.924
9.14602757 1.87097 6169868 950000 930280 248 4893.57 0 0 9.1424 0.0209764 0.0209764 1 1 435.763
9.14752769 1.84346 6171300 976721 957241 249 4869.92 0 0 9.14391 0.0201458 0.0201458 1 1 437.356
9.14904881 1.81507 6173282 1005177 985729 250 4869.15 0 0 9.14546 0.0195374 0.0195374 1 1 439.214
9.15056992 1.7867 6175141 1034410 1014718 251 4851.61 0 0 9.14695 0.0192205 0.0192205 1 1 440.799
9.15211105 1.75781 6177536 1065145 1045630 252 4847.03 0 0 9.14852 0.0184914 0.0184914 1 1 442.643
9.15365314 1.73135 6178037 1093791 1074565 253 4849.32 0 0 9.15002 0.0177337 0.0177337 1 1 444.239
9.15519714 1.70856 6179186 1119216 1100057 254 4840.92 0 0 9.15159 0.0172664 0.0172664 1 1 446.08
9.15676022 1.69113 6180745 1139176 1120042 255 4838.64 0 0 9.15314 0.016939 0.016939 1 1 447.695
9.15830326 1.68134 6182274 1150666 1131994 256 4824.14 0 0 9.15467 0.0163602 0.0163602 1 1 449.548
9.15988827 1.67958 6183252 1152886 1135168 257 4820.33 0 0 9.15626 0.0154877 0.0154877 1 1 451.149
9.16145325 1.68598 6184057 1145679 1128548 258 4814.98 0 0 9.15782 0.0150656 0.0150656 1 1 453.004
9.16303825 1.6994 6184039 1130402 1114324 259 4794.38 0 0 9.15942 0.0143254 0.0143254 1 1 454.888
9.16462517 1.71898 6184912 1108640 1093526 260 4773.02 0 0 9.161 0.0137267 0.0137267 1 1 456.691
9.16621208 1.74111 6182446 1083944 1069551 261 4796.67 0 0 9.16262 0.0133673 0.0133673 1 1 458.29
9.16781998 1.76397 6154951 1054733 1041326 262 4730.3 0 0 9.1642 0.0127927 0.0127927 1 1 460.124
9.16942692 1.78482 6158661 1033595 1020892 263 4746.32 0 0 9.16585 0.0123663 0.0123663 1 1 461.743
9.17105579 1.80114 6184536 1021134 1009164 264 4711.99 0 0 9.16747 0.0117915 0.0117915 1 1 463.583
9.17266464 1.8127 6184935 1009464 998420 265 4715.04 0 0 9.16907 0.0110007 0.0110007 1 1 465.181
9.17429543 1.82043 6184465 1001614 991113 266 4705.88 0 0 9.1707 0.0105394 0.0105394 1 1 467.016
9.17592621 1.82391 6185514 998302 988676 267 4709.7 0 0 9.17231 0.00968916 0.00968916 1 1 468.602
9.17757702 1.82371 6185695 998528 989266 268 4702.07 0 0 9.17398 0.00931894 0.00931894 1 1 470.448
9.17922878 1.82145 6185180 1000709 992015 269 4663.92 0 0 9.17561 0.0087258 0.0087258 1 1 472.125
9.1808815 1.81709 6185690 1005166 997157 270 4676.13 0 0 9.1773 0.00799975 0.00799975 1 1 473.919
9.18255424 1.81325 6184955 1008912 1001406 271 4651.71 0 0 9.17893 0.00746751 0.00746751 1 1 475.76
9.18420792 1.81002 6186288 1012386 1005705 272 4618.91 0 0 9.18062 0.00662113 0.00662113 1 1 477.595
9.1859026 1.80748 6185934 1014912 1008741 273 4612.8 0 0 9.18233 0.00609889 0.00609889 1 1 479.488
9.18757725 1.80557 6185635 1016795 1011202 274 4626.54 0 0 9.18402 0.0055158 0.0055158 1 1 481.342
9.18927383 1.80371 6183848 1018401 1013369 275 4612.8 0 0 9.18569 0.00495332 0.00495332 1 1 483.136
9.19097042 1.80039 6183476 1021723 1017464 276 4591.44 0 0 9.1874 0.00417716 0.00417716 1 1 485.06
9.19266796 1.7964 6182540 1025657 1021836 277 4570.08 0 0 9.18911 0.00373237 0.00373237 1 1 486.867
9.19438553 1.79177 6180951 1030150 1027273 278 4568.55 0 0 9.1908 0.0027967 0.0027967 1 1 488.715
9.19610405 1.78892 6179130 1032778 1030044 279 4564.74 0 0 9.19251 0.00265074 0.00265074 1 1 490.559
9.19782352 1.79007 6178154 1031434 1029263 280 4566.26 0 0 9.19421 0.00210705 0.00210705 1 1 492.414
9.19956398 1.79625 6178524 1025140 1023788 281 4550.24 0 0 9.19597 0.00131971 0.00131971 1 1 494.285
9.20130444 1.80777 6178334 1013371 1012719 282 4538.03 0 0 9.19769 0.000643604 0.000643604 1 1 496.081
9.20304585 1.82234 6179478 998892 998725 283 4525.83 0 0 9.19945 0.000167199 0.000167199 1 1 497.981
9.20478821 1.83735 6180005 984096 984693 284 4523.54 0 0 9.20115 -0.000606464 -0.000606464 1 1 499.767
9.20655155 1.84899 6180327 972763 973795 285 4481.57 0 0 9.20296 -0.00106033 -0.00106033 1 1 501.683
9.2083149 1.85578 6179528 966047 967438 286 4493.02 0 0 9.20471 -0.00143885 -0.00143885 1 1 503.477
9.21010017 1.85865 6180296 963407 965876 287 4473.95 0 0 9.20654 -0.0025595 -0.0025595 1 1 505.378
9.21186543 1.8578 6180059 964187 967319 288 4453.35 0 0 9.20825 -0.00324307 -0.00324307 1 1 507.169
9.21365166 1.85474 6181476 967363 971101 289 4440.38 0 0 9.21006 -0.00385666 -0.00385666 1 1 509.053
9.21545887 1.84965 6183331 972585 976787 290 4448 0 0 9.21185 -0.00431114 -0.00431114 1 1 510.902
9.21724701 1.84235 6182701 979613 984601 291 4415.96 0 0 9.21366 -0.00507888 -0.00507888 1 1 512.76
9.21905613 1.83256 6182675 989248 995103 292 4426.64 0 0 9.2154 -0.00590119 -0.00590119 1 1 514.603
9.22088528 1.81973 6181719 1001866 1008363 293 4396.12 0 0 9.21727 -0.00646396 -0.00646396 1 1 516.436
9.2226963 1.8049 6182423 1016957 1023965 294 4394.6 0 0 9.21908 -0.00686751 -0.00686751 1 1 518.279
9.22452736 1.78793 6183224 1034486 1042539 295 4377.81 0 0 9.22093 -0.0077544 -0.0077544 1 1 520.147
9.22635937 1.76918 6181205 1053724 1062379 296 4364.08 0 0 9.22273 -0.00818017 -0.00818017 1 1 521.983
9.22819138 1.75241 6180489 1071417 1081027 297 4327.46 0 0 9.2246 -0.00892944 -0.00892944 1 1 523.835
9.23004627 1.7357 6177312 1088917 1099686 298 4341.19 0 0 9.22645 -0.00984106 -0.00984106 1 1 525.681
9.23190022 1.71909 6068681 1087684 1098880 299 4312.2 0 0 9.22832 -0.0102408 -0.0102408 1 1 527.54
9.23375607 1.70692 6186985 1122466 1134443 300 4312.2 0 0 9.23012 -0.0106137 -0.0106137 1 1 529.389
9.23563194 1.69666 6185851 1133831 1147183 301 4298.47 0 0 9.23203 -0.0117072 -0.0117072 1 1 531.241
9.23750973 1.69027 6184652 1140876 1154989 302 4291.6 0 0 9.23389 -0.0122944 -0.0122944 1 1 533.091
9.23938847 1.68676 6184810 1144917 1159744 303 4278.63 0 0 9.2358 -0.0128671 -0.0128671 1 1 534.932
9.24128723 1.68614 6179809 1144710 1160443 304 4273.29 0 0 9.23764 -0.0136505 -0.0136505 1 1 536.767
9.2431879 1.68824 6071258 1122241 1138272 305 4267.95 0 0 9.23957 -0.0141837 -0.0141837 1 1 538.657
9.24508858 1.68974 6191505 1142746 1160027 306 4277.1 0 0 9.24146 -0.0150091 -0.0150091 1 1 540.497
9.24699116 1.69102 6189861 1140980 1158586 307 4237.43 0 0 9.2434 -0.0153127 -0.0153127 1 1 542.331
9.24891376 1.6908 6188459 1140978 1159445 308 4259.56 0 0 9.2453 -0.0160556 -0.0160556 1 1 544.176
9.25083733 1.69095 6188965 1140901 1160364 309 4236.67 0 0 9.24725 -0.0169154 -0.0169154 1 1 546.018
9.25276184 1.69143 6188167 1140203 1160626 310 4248.87 0 0 9.24915 -0.0177532 -0.0177532 1 1 547.859
9.25470829 1.69266 6188059 1138786 1160051 311 4225.99 0 0 9.25112 -0.0185012 -0.0185012 1 1 549.745
9.25663471 1.69323 6186954 1137928 1159925 312 4196.23 0 0 9.25302 -0.0191463 -0.0191463 1 1 551.612
9.2586031 1.6946 6187234 1136421 1158986 313 4210.73 0 0 9.255 -0.0196616 -0.0196616 1 1 553.488
9.26055145 1.69616 6184668 1134187 1157735 314 4229.8 0 0 9.25693 -0.0205494 -0.0205494 1 1 555.29
9.26252079 1.69906 6181687 1130351 1154509 315 4205.39 0 0 9.25889 -0.0211469 -0.0211469 1 1 557.174
9.26449203 1.70326 6070982 1105454 1129388 316 4187.84 0 0 9.26089 -0.0214198 -0.0214198 1 1 558.97
9.26646328 1.70611 6188707 1123690 1149195 317 4171.82 0 0 9.26287 -0.0224438 -0.0224438 1 1 560.873
9.26845646 1.70977 6187109 1119288 1145541 318 4182.5 0 0 9.26487 -0.0231842 -0.0231842 1 1 562.728
9.27045059 1.71284 6185428 1115561 1142121 319 4164.19 0 0 9.26683 -0.0235296 -0.0235296 1 1 564.516
9.27244473 1.71516 6183745 1112670 1140211 320 4148.17 0 0 9.26886 -0.0244508 -0.0244508 1 1 566.405
9.27444077 1.71744 6172673 1108152 1136269 321 4159.61 0 0 9.27083 -0.0250563 -0.0250563 1 1 568.245
9.27645779 1.71976 6147517 1101077 1130058 322 4153.51 0 0 9.27287 -0.0259802 -0.0259802 1 1 570.095
9.27847576 1.71974 6188731 1108475 1138457 323 4124.51 0 0 9.27483 -0.0266886 -0.0266886 1 1 571.932
9.28051472 1.72036 6188777 1107804 1138571 324 4125.28 0 0 9.27691 -0.0273943 -0.0273943 1 1 573.773
9.2825346 1.72128 6187949 1106635 1138189 325 4124.51 0 0 9.27889 -0.0281145 -0.0281145 1 1 575.626
9.28457642 1.72197 6187359 1105768 1137746 326 4122.22 0 0 9.28094 -0.028509 -0.028509 1 1 577.475
9.28661919 1.72255 6186037 1104883 1137736 327 4129.09 0 0 9.28298 -0.0293009 -0.0293009 1 1 579.324
9.28868198 1.72339 6184574 1103703 1137421 328 4108.49 0 0 9.28506 -0.0300925 -0.0300925 1 1 581.159
9.29074764 1.72358 6185305 1103620 1137904 329 4114.6 0 0 9.28714 -0.0305923 -0.0305923 1 1 583.066
9.2928133 1.72422 6186497 1103122 1138545 330 4118.41 0 0 9.28915 -0.0316068 -0.0316068 1 1 584.931
9.29487991 1.72414 6185713 1103070 1139125 331 4113.07 0 0 9.29125 -0.0321632 -0.0321632 1 1 586.723
9.29696751 1.72271 6187161 1104907 1141772 332 4080.26 0 0 9.2933 -0.0328203 -0.0328203 1 1 588.562
9.29905701 1.71975 6183849 1107591 1145675 333 4089.42 0 0 9.2954 -0.0338066 -0.0338066 1 1 590.445
9.30114746 1.71481 6185121 1113305 1152077 334 4090.94 0 0 9.29745 -0.0342333 -0.0342333 1 1 592.291
9.30323887 1.70882 6184792 1119940 1159809 335 4073.4 0 0 9.29956 -0.0349802 -0.0349802 1 1 594.138
9.30535126 1.70221 6184683 1127344 1168527 336 4075.68 0 0 9.30167 -0.0358795 -0.0358795 1 1 595.974
9.30746555 1.69508 6184107 1135311 1177490 337 4062.71 0 0 9.30376 -0.0364784 -0.0364784 1 1 597.818
9.30960083 1.68754 6184845 1144038 1187598 338 4045.17 0 0 9.30592 -0.0373687 -0.0373687 1 1 599.675
9.31171608 1.67987 6183669 1152624 1197208 339 4072.63 0 0 9.30803 -0.0379511 -0.0379511 1 1 601.519
9.31385422 1.67259 6184178 1161139 1206815 340 4061.95 0 0 9.3102 -0.0385832 -0.0385832 1 1 603.416
9.31599236 1.66535 6183308 1169417 1216513 341 4048.98 0 0 9.31229 -0.0394832 -0.0394832 1 1 605.262
9.31815243 1.65919 6184094 1176792 1224663 342 4052.03 0 0 9.31446 -0.0398736 -0.0398736 1 1 607.112
9.32031441 1.65469 6184585 1182187 1231352 343 4036.01 0 0 9.31661 -0.0407466 -0.0407466 1 1 608.973
9.32247639 1.65138 6184176 1186028 1236479 344 4042.11 0 0 9.31873 -0.0416579 -0.0416579 1 1 610.786
9.32463932 1.64907 6184542 1188840 1240208 345 4038.3 0 0 9.32092 -0.042301 -0.042301 1 1 612.624
9.32680416 1.64707 6183244 1190972 1243264 346 4012.36 0 0 9.32308 -0.0429704 -0.0429704 1 1 614.468
9.32899094 1.64466 6183184 1193840 1247261 347 4039.83 0 0 9.32527 -0.0437749 -0.0437749 1 1 616.357
9.33119869 1.64177 6182757 1197207 1251417 348 4004.73 0 0 9.32746 -0.0442851 -0.0442851 1 1 618.2
9.33338737 1.63696 6182456 1202925 1258523 349 3996.34 0 0 9.32966 -0.0451827 -0.0451827 1 1 620.067
9.33559799 1.63138 6182007 1209571 1266504 350 4009.31 0 0 9.33189 -0.0459946 -0.0459946 1 1 621.861
9.33780861 1.62473 6181950 1217628 1276031 351 3991 0 0 9.33405 -0.0468498 -0.0468498 1 1 623.728
9.34002113 1.6186 6182251 1225173 1284886 352 3969.63 0 0 9.33629 -0.0475879 -0.0475879 1 1 625.571
9.34223461 1.6133 6181642 1231565 1292536 353 3972.69 0 0 9.33847 -0.0483204 -0.0483204 1 1 627.422
9.34447002 1.6101 6180937 1235372 1297334 354 3945.98 0 0 9.34071 -0.0489392 -0.0489392 1 1 629.266
9.34670734 1.60938 6181371 1236348 1299444 355 3943.69 0 0 9.34297 -0.0497746 -0.0497746 1 1 631.107
9.34896564 1.60958 6182769 1236373 1300662 356 3905.55 0 0 9.34522 -0.0506913 -0.0506913 1 1 632.998
9.35120392 1.60931 6182207 1236593 1301676 357 3913.94 0 0 9.34749 -0.0512926 -0.0512926 1 1 634.858
9.35346508 1.60928 6182165 1236631 1302571 358 3896.39 0 0 9.34971 -0.0519492 -0.0519492 1 1 636.661
9.3557272 1.60824 6181995 1237876 1304832 359 3878.84 0 0 9.35199 -0.0526773 -0.0526773 1 1 638.5
9.35801125 1.60828 6182478 1237930 1305791 360 3884.18 0 0 9.35427 -0.0533683 -0.0533683 1 1 640.353
9.36029625 1.60846 6181737 1237560 1306575 361 3856.72 0 0 9.3565 -0.0542675 -0.0542675 1 1 642.208
9.36258221 1.60862 6182784 1237568 1307338 362 3867.4 0 0 9.3588 -0.0548448 -0.0548448 1 1 644.044
9.36487007 1.60875 6181019 1237060 1308297 363 3852.14 0 0 9.36107 -0.0559887 -0.0559887 1 1 645.914
9.36715889 1.60887 6179193 1236544 1308303 364 3836.88 0 0 9.36338 -0.0564105 -0.0564105 1 1 647.776
9.36946964 1.60914 6176711 1235711 1308711 365 3822.38 0 0 9.36568 -0.0573961 -0.0573961 1 1 649.623
9.37178135 1.60921 6178090 1235895 1309800 366 3802.55 0 0 9.36801 -0.058079 -0.058079 1 1 651.464
9.37411594 1.60969 6179137 1235513 1310316 367 3817.81 0 0 9.37036 -0.058782 -0.058782 1 1 653.308
9.37642956 1.61009 6178253 1234840 1310833 368 3791.87 0 0 9.37263 -0.0597214 -0.0597214 1 1 655.146
9.37876606 1.60979 6177858 1235137 1312040 369 3787.29 0 0 9.375 -0.0604013 -0.0604013 1 1 656.991
9.38110352 1.60968 6178055 1235308 1312990 370 3778.9 0 0 9.37733 -0.0609866 -0.0609866 1 1 658.877
9.38346386 1.60963 6176798 1235117 1314083 371 3796.44 0 0 9.37963 -0.0619734 -0.0619734 1 1 660.718
9.38582516 1.60888 6177509 1236189 1316032 372 3751.43 0 0 9.38202 -0.0625879 -0.0625879 1 1 662.553
9.38816547 1.60779 6177260 1237484 1318129 373 3744.56 0 0 9.38436 -0.063133 -0.063133 1 1 664.453
9.39055061 1.60717 6177134 1238236 1320490 374 3763.64 0 0 9.38671 -0.0643151 -0.0643151 1 1 666.194
9.39291573 1.6062 6177223 1239454 1323101 375 3756.77 0 0 9.38911 -0.0653072 -0.0653072 1 1 668.037
9.39530277 1.60518 6177642 1240805 1325108 376 3741.51 0 0 9.39148 -0.0657336 -0.0657336 1 1 669.886
9.39769173 1.60266 6177590 1243917 1329637 377 3720.15 0 0 9.39388 -0.0666407 -0.0666407 1 1 671.738
9.40008068 1.60064 6177328 1246383 1333224 378 3723.96 0 0 9.39628 -0.0673543 -0.0673543 1 1 673.584
9.40249252 1.59727 6178271 1250777 1339008 379 3700.31 0 0 9.39868 -0.0681641 -0.0681641 1 1 675.44
9.40490627 1.59335 6178873 1255810 1345741 380 3698.79 0 0 9.4011 -0.069164 -0.069164 1 1 677.315
9.40732098 1.58872 6178340 1261533 1352596 381 3703.36 0 0 9.40348 -0.069698 -0.069698 1 1 679.117
9.40973663 1.58377 6176849 1267484 1360220 382 3688.87 0 0 9.40591 -0.0706126 -0.0706126 1 1 681.011
9.41217518 1.57804 6176209 1274635 1368782 383 3683.53 0 0 9.40837 -0.0712614 -0.0712614 1 1 682.864
9.41461468 1.57296 6174997 1280886 1376610 384 3694.21 0 0 9.41078 -0.0720719 -0.0720719 1 1 684.664
9.41705608 1.56811 6174529 1287015 1384450 385 3680.48 0 0 9.41324 -0.0729773 -0.0729773 1 1 686.561
9.41949749 1.56406 6173632 1292042 1390980 386 3682 0 0 9.41569 -0.0737846 -0.0737846 1 1 688.415
9.42196274 1.56026 6172136 1296648 1396907 387 3672.08 0 0 9.4181 -0.074478 -0.074478 1 1 690.212
9.42442894 1.5574 6171555 1300245 1401876 388 3674.37 0 0 9.42059 -0.0752586 -0.0752586 1 1 692.105
9.4268961 1.55543 6170456 1302572 1405670 389 3683.53 0 0 9.42304 -0.0761733 -0.0761733 1 1 693.939
9.42936516 1.55336 6171322 1305451 1409773 390 3660.64 0 0 9.42545 -0.0768801 -0.0768801 1 1 695.775
9.43185616 1.55129 6170482 1307983 1413650 391 3688.87 0 0 9.42798 -0.0776887 -0.0776887 1 1 697.669
9.43434906 1.54929 6170599 1310621 1417704 392 3661.4 0 0 9.43048 -0.0785376 -0.0785376 1 1 699.506
9.43684292 1.54702 6170808 1313645 1422186 393 3651.48 0 0 9.43295 -0.0793894 -0.0793894 1 1 701.374
9.43935966 1.54449 6169937 1316795 1426605 394 3644.62 0 0 9.43551 -0.0800967 -0.0800967 1 1 703.24
9.44185638 1.54183 6170606 1320438 1431741 395 3648.43 0 0 9.43798 -0.0809277 -0.0809277 1 1 705.063
9.44437599 1.53849 6170244 1324779 1437517 396 3635.46 0 0 9.44046 -0.0816716 -0.0816716 1 1 706.915
9.44689655 1.53491 6169249 1329319 1443944 397 3645.38 0 0 9.443 -0.0827114 -0.0827114 1 1 708.705
9.44944 1.53106 6166705 1333900 1449631 398 3638.51 0 0 9.44554 -0.083202 -0.083202 1 1 710.593
9.45198536 1.52719 6165421 1338788 1456261 399 3627.07 0 0 9.44805 -0.0841074 -0.0841074 1 1 712.449
9.45453167 1.52405 6148215 1339257 1458162 400 3615.63 0 0 9.45063 -0.0850617 -0.0850617 1 1 714.319
9.45707989 1.52089 6162873 1346696 1467316 401 3621.73 0 0 9.45317 -0.0857807 -0.0857807 1 1 716.108
9.45962906 1.51861 6162569 1349706 1471720 402 3607.23 0 0 9.45572 -0.086545 -0.086545 1 1 718.018
9.46220016 1.51668 6161901 1352164 1475885 403 3614.1 0 0 9.4583 -0.0875515 -0.0875515 1 1 719.811
9.46477413 1.51426 6159945 1355006 1480090 404 3594.26 0 0 9.46087 -0.088297 -0.088297 1 1 721.71
9.46737099 1.51209 6159526 1357856 1484263 405 3588.92 0 0 9.46342 -0.0890113 -0.0890113 1 1 723.565
9.46994686 1.50967 6158875 1361002 1489075 406 3581.29 0 0 9.46603 -0.0899339 -0.0899339 1 1 725.353
9.47254658 1.50744 6142456 1360405 1489530 407 3591.97 0 0 9.4686 -0.0906782 -0.0906782 1 1 727.256
9.47514725 1.50581 6156873 1365823 1496652 408 3589.68 0 0 9.47117 -0.0914734 -0.0914734 1 1 729.049
9.47774982 1.50402 6156995 1368306 1500632 409 3582.82 0 0 9.47383 -0.0923128 -0.0923128 1 1 730.944
9.48037434 1.50321 6156211 1369228 1503303 410 3599.6 0 0 9.47644 -0.0934176 -0.0934176 1 1 732.821
9.48297977 1.50207 6154145 1370329 1505431 411 3579 0 0 9.479 -0.0940283 -0.0940283 1 1 734.637
9.4856081 1.50152 6155379 1371370 1507574 412 3527.12 0 0 9.48168 -0.0946915 -0.0946915 1 1 736.473
9.48825932 1.50082 6155367 1372328 1510070 413 3541.62 0 0 9.4843 -0.0956474 -0.0956474 1 1 738.312
9.4908905 1.50022 6154897 1373035 1512376 414 3548.49 0 0 9.48688 -0.0966583 -0.0966583 1 1 740.198
9.49354458 1.49989 6154031 1373295 1513644 415 3540.86 0 0 9.48956 -0.097307 -0.097307 1 1 742.044
9.49620056 1.49938 6154574 1374116 1516130 416 3548.49 0 0 9.49222 -0.0983504 -0.0983504 1 1 743.884
9.49885845 1.49877 6153771 1374785 1517585 417 3530.94 0 0 9.49483 -0.0988229 -0.0988229 1 1 745.728
9.50153828 1.4982 6153421 1375484 1519967 418 3518.73 0 0 9.49755 -0.0998829 -0.0998829 1 1 747.576
9.50419903 1.49707 6153235 1376999 1523050 419 3546.96 0 0 9.50022 -0.100808 -0.100808 1 1 749.412
9.50688171 1.49567 6151761 1378606 1526092 420 3507.29 0 0 9.50285 -0.101637 -0.101637 1 1 751.306
9.50958824 1.4943 6132337 1376132 1524522 421 3510.34 0 0 9.50558 -0.102404 -0.102404 1 1 753.18
9.5122757 1.49204 6149352 1383073 1533298 422 3513.39 0 0 9.50827 -0.103113 -0.103113 1 1 754.973
9.51498508 1.48957 6148720 1386353 1538291 423 3506.52 0 0 9.51095 -0.103995 -0.103995 1 1 756.818
9.51769638 1.48638 6148238 1390670 1544592 424 3505 0 0 9.51368 -0.104974 -0.104974 1 1 758.673
9.52040958 1.48293 6148109 1395444 1551263 425 3476.01 0 0 9.51642 -0.105857 -0.105857 1 1 760.521
9.52312469 1.4788 6147277 1401036 1558794 426 3500.42 0 0 9.51909 -0.1067 -0.1067 1 1 762.392
9.52586269 1.47486 6145195 1406083 1565468 427 3499.66 0 0 9.52183 -0.107377 -0.107377 1 1 764.232
9.52860165 1.47111 6127497 1407303 1568209 428 3499.66 0 0 9.52459 -0.108259 -0.108259 1 1 766.074
9.53134251 1.4675 6143399 1416053 1579675 429 3486.69 0 0 9.52731 -0.109346 -0.109346 1 1 767.91
9.53410721 1.46428 6142370 1420385 1585524 430 3478.29 0 0 9.53006 -0.109987 -0.109987 1 1 769.744
9.53685188 1.46104 6141093 1424699 1591651 431 3474.48 0 0 9.5328 -0.110811 -0.110811 1 1 771.626
9.53961945 1.45821 6140797 1428676 1597626 432 3469.14 0 0 9.53559 -0.111771 -0.111771 1 1 773.469
9.54238892 1.45565 6140904 1432356 1603273 433 3455.41 0 0 9.53834 -0.112726 -0.112726 1 1 775.356
9.54518223 1.45283 6139856 1436159 1608643 434 3442.44 0 0 9.54113 -0.113419 -0.113419 1 1 777.192
9.54795456 1.45006 6137600 1439616 1614280 435 3430.23 0 0 9.54396 -0.114513 -0.114513 1 1 779.036
9.55075073 1.4474 6137651 1443459 1619487 436 3411.92 0 0 9.54675 -0.115067 -0.115067 1 1 780.884
9.55354881 1.44515 6136449 1446431 1624327 437 3398.95 0 0 9.5495 -0.115994 -0.115994 1 1 782.738
9.55636978 1.44323 6136410 1449199 1629048 438 3424.12 0 0 9.55236 -0.116985 -0.116985 1 1 784.575
9.55917168 1.44064 6134554 1452522 1633975 439 3425.65 0 0 9.55516 -0.117714 -0.117714 1 1 786.432
9.56199646 1.43819 6133651 1455859 1639198 440 3406.58 0 0 9.55796 -0.118611 -0.118611 1 1 788.277
9.5648222 1.4354 6132778 1459718 1644909 441 3380.64 0 0 9.56082 -0.119442 -0.119442 1 1 790.117
9.56765079 1.4329 6130792 1462904 1649858 442 3369.19 0 0 9.56366 -0.120266 -0.120266 1 1 792.025
9.57050323 1.43065 6127502 1465419 1654274 443 3383.69 0 0 9.5665 -0.121221 -0.121221 1 1 793.831
9.57333469 1.42809 6122622 1467993 1659057 444 3373.77 0 0 9.56933 -0.122353 -0.122353 1 1 795.676
9.57618999 1.42541 6104009 1467458 1659711 445 3360.04 0 0 9.57218 -0.123112 -0.123112 1 1 797.52
9.57906914 1.42246 6121167 1475932 1670208 446 3371.48 0 0 9.57505 -0.123658 -0.123658 1 1 799.421
9.58192825 1.41989 6119967 1479442 1675938 447 3349.36 0 0 9.5779 -0.124708 -0.124708 1 1 801.246
9.58481121 1.41726 6117175 1482670 1681313 448 3360.8 0 0 9.58077 -0.12573 -0.12573 1 1 803.084
9.58767319 1.41494 6114140 1485375 1685612 449 3342.49 0 0 9.58368 -0.126461 -0.126461 1 1 804.934
9.59058189 1.41233 6113649 1489125 1691681 450 3334.86 0 0 9.5866 -0.127534 -0.127534 1 1 806.771
9.59346962 1.41033 6111571 1491604 1695613 451 3338.67 0 0 9.58944 -0.128192 -0.128192 1 1 808.665
9.59635925 1.4083 6111253 1494566 1700648 452 3361.56 0 0 9.59236 -0.129173 -0.129173 1 1 810.506
9.59927368 1.40618 6107343 1496773 1704417 453 3345.54 0 0 9.59526 -0.129912 -0.129912 1 1 812.363
9.60218811 1.40423 6103044 1498640 1708288 454 3347.83 0 0 9.59814 -0.130934 -0.130934 1 1 814.214
9.60512733 1.40219 6103615 1501843 1713268 455 3344.78 0 0 9.60108 -0.13171 -0.13171 1 1 816.057
9.60804653 1.40018 6102766 1504656 1718159 456 3346.3 0 0 9.60399 -0.132689 -0.132689 1 1 817.959
9.61098957 1.39839 6102464 1507268 1722236 457 3360.8 0 0 9.60696 -0.133325 -0.133325 1 1 819.746
9.61393452 1.39673 6102668 1509824 1727512 458 3315.79 0 0 9.60989 -0.134689 -0.134689 1 1 821.629
9.61688137 1.39492 6099455 1511761 1730670 459 3353.17 0 0 9.6128 -0.135233 -0.135233 1 1 823.468
9.61983013 1.39321 6098300 1514065 1735010 460 3331.04 0 0 9.6158 -0.136215 -0.136215 1 1 825.316
9.62280273 1.39113 6097067 1516909 1739914 461 3361.56 0 0 9.61875 -0.137161 -0.137161 1 1 827.159
9.62577724 1.38942 6096747 1519424 1744376 462 3341.73 0 0 9.62169 -0.138066 -0.138066 1 1 828.997
#     BM23  -  E.S.R.F.  - Thu Dec 10 16:43:49 2015
# first crystal temperature at the end of the scan -164.8 deg C
#     BM23  -  E.S.R.F.  - Thu Dec 10 16:43:49 2015
# first crystal temperature at the end of the scan -164.8 deg C
