#     BM23  -  E.S.R.F.  - Thu Dec 10 17:11:39 2015
#S 39 scan 8.8767 9.62357 462 1
#T 1 (Seconds)
# file name: /data/bm23/inhouse/Phelma_9591/Cu2O.dat
# -------------------------------------------------------
# primary slit vertical aperture 0.3 mm
# monochromator:  Si (1 1 1) flat
# adopted d spacing  3.13467 Angstroems
# first crystal initial temperature -164.8 C
# harmonic rejection mirror: Si at 3.0 mrad
# experimental slit horizontal aperture 5 mm
# experimental slit vertical aperture 15 mm
# initial ring current 81.9197 mA
# electrometer ranges for I0 - 1e-07 mA, I1 - 1e-07 mA (I2 - 3e-08 mA)
# -------------------------------------------------------
# EXAFS scan with optimized energy mesh
# parameter file name: /data/bm23/inhouse/Phelma_9591/acq.par
# scan parameter file name: /data/bm23/inhouse/Phelma_9591/CuKedge.par
# Energy limits  8.8767 - 9.62357 KeV
# Detuning = 0 Loeffen, Piezzo position: init=0, end=0
# acquisition time per scan point 1 s
# target I0 counts for feedback (type 0) init=0, end=0 counts/s, tif = 1, tiw = 0.2
# none
# -------------------------------------------------------
#N 15
#L E[keV]  alpha  I0  I1  I2  point_nb  qg1  T1  T2  E_enc[keV]  ref  log_i1_i2  S[cal1]  S[cal2]  elapseT
8.87670517 0.132822 2309969 2022658 1788361 1 7229.72 0 0 8.87343 0.123113 0.123113 1 1 1.36537
8.88169289 0.126766 5944701 5236924 4638103 2 7318.23 0 0 8.87829 0.121429 0.121429 1 1 3.42848
8.88670444 0.124525 5946623 5250368 4658659 3 7296.1 0 0 8.88326 0.119571 0.119571 1 1 5.51958
8.89170361 0.122817 5947205 5259862 4677381 4 7237.35 0 0 8.88826 0.117366 0.117366 1 1 7.62158
8.89670849 0.120718 5949814 5273222 4698329 5 7174.79 0 0 8.89329 0.115435 0.115435 1 1 9.70766
8.90170002 0.118484 5953117 5287950 4720299 6 7138.93 0 0 8.89826 0.113558 0.113558 1 1 11.5558
8.90669727 0.116421 5943667 5290459 4732063 7 7074.85 0 0 8.90327 0.111544 0.111544 1 1 13.6451
8.91170025 0.114486 5958988 5314370 4764021 8 7060.35 0 0 8.90825 0.109322 0.109322 1 1 15.5301
8.9167099 0.112375 5961082 5327473 4784604 9 7004.65 0 0 8.91331 0.107474 0.107474 1 1 17.3733
8.92170525 0.110554 5963192 5339071 4805056 10 6972.61 0 0 8.91825 0.105383 0.105383 1 1 19.4694
8.92670631 0.108492 5965804 5352437 4826619 11 6952.01 0 0 8.92327 0.103406 0.103406 1 1 21.3191
8.93169498 0.106388 5942163 5342456 4826852 12 6926.07 0 0 8.92826 0.101491 0.101491 1 1 23.4616
8.9367075 0.104586 5962333 5370257 4862169 13 6915.39 0 0 8.93327 0.0993911 0.0993911 1 1 25.551
8.94170761 0.102581 5956387 5375669 4876380 14 6879.53 0 0 8.93821 0.0974799 0.0974799 1 1 27.4128
8.94669342 0.100942 5936975 5366941 4878235 15 6852.83 0 0 8.94319 0.0954746 0.0954746 1 1 29.4959
8.95113087 0.0992007 5968020 5404406 4920445 16 6842.15 0 0 8.94763 0.0938156 0.0938156 1 1 31.3361
8.95442295 0.0979955 5967916 5410829 4933077 17 6816.97 0 0 8.95092 0.0924394 0.0924394 1 1 33.1799
8.95656872 0.0973001 5968044 5414709 4940506 18 6778.82 0 0 8.95302 0.0916514 0.0916514 1 1 35.0661
8.95706654 0.0970644 5969898 5417668 4944126 19 6794.08 0 0 8.95356 0.0914653 0.0914653 1 1 36.6725
8.95756435 0.0969317 5968750 5417345 4945424 20 6753.64 0 0 8.95406 0.0911431 0.0911431 1 1 38.5071
8.95806313 0.0967314 5969414 5419033 4947685 21 6775.77 0 0 8.95456 0.0909976 0.0909976 1 1 40.0906
8.9585619 0.0964464 5969874 5420995 4950155 22 6731.52 0 0 8.95504 0.0908605 0.0908605 1 1 41.929
8.95905972 0.0963868 5969628 5421095 4951192 23 6765.85 0 0 8.95554 0.0906695 0.0906695 1 1 43.5281
8.95957756 0.0963393 5969754 5421467 4952414 24 6764.32 0 0 8.95604 0.0904913 0.0904913 1 1 45.4233
8.96007538 0.0959831 5970577 5424146 4955964 25 6762.04 0 0 8.95653 0.0902688 0.0902688 1 1 47.2221
8.96057415 0.095865 5970324 5424557 4957353 26 6740.67 0 0 8.95704 0.0900643 0.0900643 1 1 48.8146
8.96107292 0.0956211 5969295 5424945 4958820 27 6726.18 0 0 8.95754 0.0898399 0.0898399 1 1 50.6492
8.96157169 0.0955101 5968714 5425019 4959242 28 6733.04 0 0 8.95805 0.0897685 0.0897685 1 1 52.2868
8.96207047 0.0955116 5969995 5426175 4961767 29 6723.13 0 0 8.95853 0.0894725 0.0894725 1 1 54.1372
8.96256924 0.0951841 5969803 5427778 4963545 30 6716.26 0 0 8.959 0.0894096 0.0894096 1 1 55.9689
8.96306801 0.0950026 5970487 5429385 4966076 31 6704.05 0 0 8.95948 0.0891959 0.0891959 1 1 57.5567
8.96356678 0.0949133 5970266 5429669 4967841 32 6704.81 0 0 8.96 0.0888928 0.0888928 1 1 59.4037
8.96406555 0.0947879 5970046 5430150 4969680 33 6696.42 0 0 8.9605 0.0886113 0.0886113 1 1 61.056
8.96456432 0.0945364 5970252 5431703 4971115 34 6708.63 0 0 8.96102 0.0886085 0.0886085 1 1 62.9002
8.96506405 0.0945513 5970653 5431987 4972279 35 6672.77 0 0 8.9615 0.0884267 0.0884267 1 1 64.7348
8.96556282 0.0944662 5970201 5432038 4974187 36 6684.21 0 0 8.962 0.0880524 0.0880524 1 1 66.5932
8.96606159 0.0942966 5969669 5432475 4975114 37 6685.74 0 0 8.9625 0.0879465 0.0879465 1 1 68.4452
8.96656132 0.0941985 5969718 5433053 4976567 38 6672.77 0 0 8.96299 0.0877609 0.0877609 1 1 70.2892
8.96706009 0.0940704 5970036 5434038 4978808 39 6668.19 0 0 8.96347 0.087492 0.087492 1 1 72.141
8.96755981 0.0939035 5970463 5435334 4980479 40 6666.67 0 0 8.96399 0.0873949 0.0873949 1 1 73.9946
8.96805954 0.0937241 5968442 5434469 4980595 41 6680.4 0 0 8.96451 0.0872124 0.0872124 1 1 75.7825
8.96855927 0.0934812 5970001 5437209 4984392 42 6639.2 0 0 8.96501 0.0869544 0.0869544 1 1 77.4246
8.96905804 0.0933167 5969761 5437885 4985558 43 6638.44 0 0 8.96549 0.0868449 0.0868449 1 1 79.2868
8.96955872 0.0934029 5969358 5437049 4985853 44 6654.46 0 0 8.96598 0.0866319 0.0866319 1 1 81.1331
8.97007656 0.0931282 5969954 5439086 4988972 45 6643.02 0 0 8.9665 0.0863811 0.0863811 1 1 82.9677
8.97057724 0.0930288 5969699 5439394 4990247 46 6649.12 0 0 8.967 0.0861822 0.0861822 1 1 84.5554
8.97107601 0.0931771 5969810 5438689 4990915 47 6627.76 0 0 8.96752 0.0859188 0.0859188 1 1 86.3935
8.97157574 0.0931358 5969906 5439001 4991708 48 6626.99 0 0 8.96802 0.0858173 0.0858173 1 1 87.9916
8.97207642 0.093123 5969644 5438832 4992907 49 6616.31 0 0 8.96852 0.085546 0.085546 1 1 89.8367
8.97257614 0.0929371 5970024 5440189 4995168 50 6613.26 0 0 8.96902 0.0853427 0.0853427 1 1 91.4409
8.97307587 0.0929253 5970366 5440565 4996172 51 6610.21 0 0 8.96951 0.0852109 0.0852109 1 1 93.2835
8.97357559 0.093007 5970372 5440126 4996733 52 6591.13 0 0 8.96999 0.0850179 0.0850179 1 1 94.8712
8.97407627 0.0929216 5969885 5440147 4997681 53 6584.27 0 0 8.9705 0.0848321 0.0848321 1 1 96.5201
8.974576 0.092945 5969339 5439522 4997827 54 6602.58 0 0 8.97102 0.084688 0.084688 1 1 98.3569
8.97507668 0.0930189 5969756 5439500 4998670 55 6585.03 0 0 8.97154 0.0845153 0.0845153 1 1 99.9544
8.9755764 0.0929594 5968670 5438834 4999329 56 6578.93 0 0 8.97202 0.084261 0.084261 1 1 101.825
8.97607708 0.0932751 5968840 5437272 4998809 57 6568.25 0 0 8.97251 0.0840778 0.0840778 1 1 103.619
8.97657776 0.0937873 5968392 5434080 4997044 58 6572.82 0 0 8.97299 0.0838437 0.0838437 1 1 105.264
8.97705841 0.0947031 5968422 5429133 4992941 59 6572.06 0 0 8.97346 0.0837543 0.0837543 1 1 107.116
8.97755909 0.0954971 5968083 5424516 4989495 60 6562.14 0 0 8.97398 0.083594 0.083594 1 1 108.979
8.97805977 0.0958359 5967926 5422536 4989112 61 6547.65 0 0 8.9745 0.0833057 0.0833057 1 1 110.769
8.97856045 0.0959986 5967396 5421172 4988729 62 6537.73 0 0 8.97498 0.0831309 0.0831309 1 1 112.367
8.97906113 0.0962314 5966894 5419454 4988697 63 6553.75 0 0 8.97549 0.0828203 0.0828203 1 1 114.204
8.97956181 0.0969835 5967066 5415536 4985596 64 6530.86 0 0 8.97599 0.0827189 0.0827189 1 1 115.808
8.98006248 0.0982204 5966206 5408062 4980241 65 6513.31 0 0 8.97647 0.0824125 0.0824125 1 1 117.656
8.98056316 0.100018 5964765 5397044 4970138 66 6526.28 0 0 8.97696 0.0824038 0.0824038 1 1 119.247
8.9810648 0.102157 5964259 5385059 4960410 67 6531.62 0 0 8.97746 0.0821399 0.0821399 1 1 121.093
8.98156452 0.104779 5963594 5370356 4947921 68 6511.02 0 0 8.97797 0.0819267 0.0819267 1 1 122.688
8.98206615 0.108455 5963264 5350354 4930019 69 6504.16 0 0 8.97849 0.0818199 0.0818199 1 1 124.604
8.98256683 0.113798 5961901 5320629 4903593 70 6512.55 0 0 8.97899 0.0816233 0.0816233 1 1 126.397
8.98306847 0.120808 5961588 5283184 4870562 71 6501.11 0 0 8.97946 0.0813196 0.0813196 1 1 127.983
8.98356915 0.129534 5962812 5238358 4829927 72 6482.8 0 0 8.97994 0.0811767 0.0811767 1 1 129.877
8.98407078 0.138216 5962018 5192383 4787766 73 6501.11 0 0 8.98045 0.0811288 0.0811288 1 1 131.714
8.98457241 0.144793 5961229 5157664 4756922 74 6492.71 0 0 8.98097 0.0808829 0.0808829 1 1 133.3
8.98507309 0.148667 5961003 5137529 4738978 75 6482.8 0 0 8.98149 0.0807507 0.0807507 1 1 135.145
8.98557472 0.14994 5960631 5130668 4734494 76 6478.98 0 0 8.98198 0.080361 0.080361 1 1 136.785
8.98607635 0.149789 5961539 5132225 4736735 77 6462.2 0 0 8.9825 0.0801912 0.0801912 1 1 138.628
8.98655891 0.148936 5960488 5135699 4740167 78 6469.83 0 0 8.98298 0.0801436 0.0801436 1 1 140.468
8.98706055 0.148988 5960386 5135347 4740765 79 6436.26 0 0 8.98347 0.0799489 0.0799489 1 1 142.057
8.98756123 0.150076 5960272 5129664 4736652 80 6437.02 0 0 8.98396 0.0797096 0.0797096 1 1 143.899
8.98806381 0.152612 5960558 5116917 4726088 81 6450.75 0 0 8.98446 0.0794543 0.0794543 1 1 145.485
8.98856544 0.156429 5959420 5096449 4707590 82 6446.17 0 0 8.98498 0.0793679 0.0793679 1 1 147.373
8.98906708 0.160797 5959312 5074143 4687838 83 6428.63 0 0 8.9855 0.0791861 0.0791861 1 1 149.218
8.98956871 0.165248 5958600 5051006 4668136 84 6419.47 0 0 8.98601 0.0788276 0.0788276 1 1 151.053
8.9900713 0.169496 5958950 5029889 4648764 85 6429.39 0 0 8.98647 0.0787965 0.0787965 1 1 152.656
8.99057293 0.174276 5958644 5005647 4627740 86 6395.82 0 0 8.98696 0.078498 0.078498 1 1 154.503
8.99107552 0.178754 5958031 4982769 4607306 87 6392.77 0 0 8.98747 0.0783424 0.0783424 1 1 156.088
8.99157715 0.182904 5958428 4962466 4589778 88 6389.72 0 0 8.98799 0.0780711 0.0780711 1 1 157.924
8.99205971 0.185563 5958282 4949164 4578204 89 6390.48 0 0 8.98849 0.0779119 0.0779119 1 1 159.591
8.99256229 0.187579 5958280 4939195 4569320 90 6378.27 0 0 8.989 0.077838 0.077838 1 1 161.407
8.99306393 0.188454 5957455 4934195 4565632 91 6388.19 0 0 8.98948 0.0776326 0.0776326 1 1 162.992
8.99356651 0.189524 5957269 4928761 4561442 92 6389.72 0 0 8.99 0.0774488 0.0774488 1 1 164.831
8.9940691 0.190657 5956855 4922839 4556854 93 6365.3 0 0 8.99049 0.0772529 0.0772529 1 1 166.424
8.99457169 0.19184 5957294 4917381 4552741 94 6340.89 0 0 8.99098 0.0770466 0.0770466 1 1 168.318
8.99507427 0.192989 5955309 4910101 4546670 95 6353.86 0 0 8.99148 0.0768994 0.0768994 1 1 170.175
8.9955759 0.194251 5955399 4903978 4541897 96 6334.78 0 0 8.99201 0.0767019 0.0767019 1 1 171.977
8.99605942 0.196069 5954975 4894725 4534324 97 6361.49 0 0 8.99249 0.0764821 0.0764821 1 1 173.589
8.996562 0.197346 5953351 4887143 4528586 98 6357.67 0 0 8.993 0.0761981 0.0761981 1 1 175.429
8.99706554 0.197773 5952371 4884256 4526174 99 6343.18 0 0 8.99347 0.07614 0.07614 1 1 177.015
8.99756813 0.197847 5951608 4883267 4526584 100 6329.44 0 0 8.99396 0.0758469 0.0758469 1 1 178.85
8.99807072 0.197374 5951079 4885143 4528948 101 6332.49 0 0 8.99446 0.0757089 0.0757089 1 1 180.484
8.9985733 0.196353 5951091 4890141 4533957 102 6305.03 0 0 8.99498 0.0756261 0.0756261 1 1 182.071
8.99909592 0.19526 5950429 4894944 4540221 103 6320.29 0 0 8.99552 0.0752271 0.0752271 1 1 183.924
8.99961853 0.194316 5951297 4900283 4546291 104 6304.26 0 0 8.99603 0.0749812 0.0749812 1 1 185.528
9.00014114 0.193044 5950997 4906276 4551998 105 6310.37 0 0 8.99655 0.0749489 0.0749489 1 1 187.383
9.0006628 0.191642 5951094 4913236 4559657 106 6290.53 0 0 8.99707 0.0746854 0.0746854 1 1 188.97
9.00120544 0.189674 5951160 4922969 4570011 107 6283.67 0 0 8.9976 0.0743962 0.0743962 1 1 190.818
9.00176716 0.187595 5951252 4933294 4580279 108 6300.45 0 0 8.99815 0.074247 0.074247 1 1 192.436
9.00230885 0.185712 5951953 4943173 4590096 109 6299.69 0 0 8.99871 0.0741065 0.0741065 1 1 194.266
9.00287056 0.184254 5952556 4950885 4598638 110 6269.17 0 0 8.99929 0.0738062 0.0738062 1 1 195.863
9.00345135 0.182593 5953050 4959528 4607593 111 6256.2 0 0 8.99986 0.073605 0.073605 1 1 197.755
9.00401211 0.181389 5952360 4964928 4613828 112 6297.4 0 0 9.0004 0.0733409 0.0733409 1 1 199.599
9.00459385 0.180228 5953266 4971454 4620791 113 6268.41 0 0 9.00096 0.0731464 0.0731464 1 1 201.441
9.00519371 0.179088 5953291 4977145 4627604 114 6301.21 0 0 9.00157 0.0728172 0.0728172 1 1 203.037
9.00579453 0.177813 5953925 4984026 4634408 115 6240.94 0 0 9.0022 0.0727295 0.0727295 1 1 204.893
9.00639534 0.176685 5953368 4989185 4640139 116 6243.23 0 0 9.00281 0.0725282 0.0725282 1 1 206.483
9.00699615 0.176165 5953830 4992167 4644613 117 6243.99 0 0 9.0034 0.072162 0.072162 1 1 208.319
9.00761604 0.175788 5953827 4994043 4647192 118 6227.97 0 0 9.00403 0.0719826 0.0719826 1 1 209.908
9.00823689 0.17528 5954041 4996760 4650730 119 6237.89 0 0 9.00464 0.0717655 0.0717655 1 1 211.759
9.0088768 0.175345 5953986 4996390 4651507 120 6222.63 0 0 9.00527 0.0715244 0.0715244 1 1 213.35
9.00949669 0.175282 5954048 4996759 4652793 121 6227.97 0 0 9.00592 0.0713218 0.0713218 1 1 215.261
9.01015663 0.175573 5954791 4995928 4653018 122 6227.97 0 0 9.00658 0.0711071 0.0711071 1 1 217.105
9.01079655 0.175418 5954008 4996045 4654597 123 6207.37 0 0 9.00721 0.0707913 0.0707913 1 1 218.968
9.01145649 0.175216 5953183 4996363 4656432 124 6186.77 0 0 9.00784 0.0704608 0.0704608 1 1 220.757
9.01211548 0.175162 5954133 4997430 4658317 125 6232.55 0 0 9.0085 0.0702695 0.0702695 1 1 222.353
9.01279449 0.174645 5953679 4999632 4661441 126 6215.76 0 0 9.00922 0.0700397 0.0700397 1 1 224.204
9.01347351 0.174353 5954267 5001584 4664699 127 6221.87 0 0 9.0099 0.0697313 0.0697313 1 1 225.797
9.01415348 0.173856 5955357 5004990 4668843 128 6202.79 0 0 9.01056 0.0695241 0.0695241 1 1 227.686
9.01485252 0.173663 5955924 5006432 4671125 129 6186.77 0 0 9.01126 0.0693235 0.0693235 1 1 229.525
9.01555061 0.173127 5955889 5009088 4675758 130 6190.59 0 0 9.01194 0.0688626 0.0688626 1 1 231.12
9.01625061 0.172531 5956849 5012879 4680004 131 6187.53 0 0 9.01264 0.0687114 0.0687114 1 1 232.978
9.01696873 0.172127 5957070 5015091 4683393 132 6197.45 0 0 9.01338 0.0684287 0.0684287 1 1 234.571
9.0176878 0.171343 5957989 5019802 4688989 133 6191.35 0 0 9.01408 0.0681735 0.0681735 1 1 236.411
9.01840687 0.170526 5957459 5023455 4693676 134 6193.64 0 0 9.01476 0.0679019 0.0679019 1 1 238.01
9.01914501 0.169586 5957906 5028557 4700092 135 6191.35 0 0 9.01551 0.067551 0.067551 1 1 239.852
9.01988316 0.168676 5957541 5032829 4705210 136 6175.33 0 0 9.01626 0.0673118 0.0673118 1 1 241.437
9.02062225 0.167237 5957283 5039857 4713453 137 6160.07 0 0 9.017 0.0669569 0.0669569 1 1 243.287
9.02138138 0.166157 5957875 5045803 4720084 138 6153.96 0 0 9.01775 0.0667302 0.0667302 1 1 244.89
9.0221386 0.16505 5957083 5050720 4725791 139 6145.57 0 0 9.0185 0.0664958 0.0664958 1 1 246.751
9.02289772 0.164541 5957949 5054026 4730593 140 6140.23 0 0 9.01926 0.0661346 0.0661346 1 1 248.599
9.02367592 0.163308 5957383 5059783 4737040 141 6121.92 0 0 9.02006 0.0659111 0.0659111 1 1 250.442
9.02445412 0.162803 5955689 5060900 4740337 142 6146.33 0 0 9.02083 0.0654361 0.0654361 1 1 252.029
9.02525139 0.161969 5938238 5050277 4731061 143 6122.68 0 0 9.0216 0.0652936 0.0652936 1 1 253.871
9.02604961 0.161556 5913543 5031353 4714621 144 6098.27 0 0 9.02239 0.0650204 0.0650204 1 1 255.464
9.02684784 0.160861 5919420 5039857 4724579 145 6096.74 0 0 9.02323 0.0645992 0.0645992 1 1 257.312
9.02764606 0.160391 5948120 5066673 4751170 146 6069.28 0 0 9.02402 0.0642935 0.0642935 1 1 258.912
9.02846432 0.160398 5955445 5072874 4758595 147 6095.98 0 0 9.02485 0.0639551 0.0639551 1 1 260.76
9.02928257 0.160425 5955587 5072860 4759145 148 6074.62 0 0 9.02565 0.0638367 0.0638367 1 1 262.402
9.0301199 0.160625 5955301 5071602 4760161 149 6055.54 0 0 9.02649 0.0633752 0.0633752 1 1 264.247
9.03095818 0.161052 5955301 5069438 4759390 150 6055.54 0 0 9.02737 0.0631104 0.0631104 1 1 266.089
9.0317955 0.161243 5954390 5067695 4759020 151 6060.88 0 0 9.02818 0.0628443 0.0628443 1 1 267.828
9.03263378 0.161784 5954986 5065460 4759210 152 6076.14 0 0 9.02899 0.0623633 0.0623633 1 1 269.673
9.03349113 0.162026 5954711 5064001 4758835 153 6037.23 0 0 9.02986 0.062154 0.062154 1 1 271.265
9.03436852 0.16247 5952777 5060110 4757243 154 6050.97 0 0 9.03076 0.0617199 0.0617199 1 1 273.152
9.03522682 0.162981 5953322 5057988 4756517 155 6046.39 0 0 9.03162 0.0614531 0.0614531 1 1 274.991
9.03610516 0.163488 5953509 5055581 4755831 156 6041.05 0 0 9.03248 0.0611213 0.0611213 1 1 276.593
9.03698349 0.163834 5953077 5053465 4755684 157 6041.05 0 0 9.03334 0.0607336 0.0607336 1 1 278.461
9.0378809 0.164271 5953391 5051523 4755170 158 6028.08 0 0 9.03427 0.0604573 0.0604573 1 1 280.269
9.03877831 0.164671 5953227 5049367 4755121 159 6044.1 0 0 9.03513 0.0600407 0.0600407 1 1 281.874
9.03967667 0.165262 5954775 5047693 4755148 160 6012.82 0 0 9.03601 0.0597035 0.0597035 1 1 283.715
9.0405941 0.165602 5955853 5046891 4755946 161 6019.68 0 0 9.03694 0.0593768 0.0593768 1 1 285.316
9.04151249 0.165708 5956241 5046686 4757099 162 5962.46 0 0 9.03787 0.0590938 0.0590938 1 1 287.156
9.04243088 0.16591 5956699 5046051 4758331 163 6009 0 0 9.03879 0.058709 0.058709 1 1 288.758
9.04336834 0.165762 5956644 5046752 4760516 164 5966.28 0 0 9.03972 0.0583888 0.0583888 1 1 290.598
9.04430676 0.165911 5957723 5046915 4762619 165 5980.77 0 0 9.04065 0.0579794 0.0579794 1 1 292.185
9.04524517 0.165913 5957318 5046564 4763733 166 5993.74 0 0 9.04162 0.057676 0.057676 1 1 294.022
9.04620266 0.165916 5958216 5047310 4765751 167 5959.41 0 0 9.04255 0.0574003 0.0574003 1 1 295.672
9.0471611 0.165823 5957380 5047069 4767710 168 5958.65 0 0 9.04351 0.0569416 0.0569416 1 1 297.522
9.04811954 0.165654 5956582 5047247 4769374 169 5942.63 0 0 9.04449 0.0566279 0.0566279 1 1 299.379
9.04909801 0.165576 5957654 5048550 4772420 170 5915.16 0 0 9.04548 0.0562476 0.0562476 1 1 301.173
9.05007648 0.165316 5956939 5049253 4774858 171 5918.21 0 0 9.04645 0.0558761 0.0558761 1 1 302.77
9.05105495 0.164996 5956995 5050921 4778688 172 5931.94 0 0 9.04742 0.0554046 0.0554046 1 1 304.632
9.05205345 0.164533 5956930 5053202 4782694 173 5908.29 0 0 9.04846 0.0550181 0.0550181 1 1 306.222
9.05305195 0.163834 5956885 5056698 4787608 174 5910.58 0 0 9.04943 0.0546828 0.0546828 1 1 308.071
9.0540514 0.163363 5957171 5059325 4792043 175 5909.06 0 0 9.0504 0.0542762 0.0542762 1 1 309.675
9.05506992 0.162499 5956047 5062740 4797562 176 5902.95 0 0 9.05145 0.0538 0.0538 1 1 311.512
9.05608845 0.161811 5956023 5066205 4801420 177 5898.37 0 0 9.05246 0.0536803 0.0536803 1 1 313.166
9.05712795 0.161045 5954731 5068987 4806425 178 5888.46 0 0 9.0535 0.0531874 0.0531874 1 1 315.001
9.05814648 0.160493 5954359 5071467 4810618 179 5867.86 0 0 9.05451 0.0528046 0.0528046 1 1 316.597
9.05918598 0.15963 5952238 5074038 4815021 180 5852.6 0 0 9.05558 0.0523965 0.0523965 1 1 318.442
9.06024551 0.15868 5926403 5056818 4800409 181 5864.81 0 0 9.05659 0.0520363 0.0520363 1 1 320.043
9.06130505 0.158533 5873768 5012645 4760013 182 5848.78 0 0 9.05765 0.0517133 0.0517133 1 1 321.887
9.06236458 0.158025 5918201 5053130 4800785 183 5842.68 0 0 9.05874 0.0512284 0.0512284 1 1 323.489
9.06342411 0.157009 5948129 5083846 4832312 184 5816.74 0 0 9.05981 0.050743 0.050743 1 1 325.333
9.06450367 0.156252 5951781 5090817 4840770 185 5825.89 0 0 9.06088 0.0503645 0.0503645 1 1 326.928
9.06558418 0.155504 5952693 5095409 4847079 186 5803.77 0 0 9.06198 0.0499637 0.0499637 1 1 328.766
9.0666647 0.155118 5954078 5098563 4851993 187 5789.27 0 0 9.06306 0.0495692 0.0495692 1 1 330.367
9.06776524 0.15437 5953777 5102120 4857188 188 5790.8 0 0 9.06414 0.0491965 0.0491965 1 1 332.227
9.06886578 0.153957 5955782 5105947 4863114 189 5775.54 0 0 9.06527 0.048727 0.048727 1 1 333.845
9.06998539 0.153303 5956114 5109570 4868442 190 5769.44 0 0 9.0664 0.0483413 0.0483413 1 1 335.684
9.07108688 0.15258 5956256 5113387 4873794 191 5764.1 0 0 9.0675 0.0479893 0.0479893 1 1 337.539
9.07220745 0.152112 5956071 5115621 4878737 192 5745.02 0 0 9.06861 0.0474124 0.0474124 1 1 339.384
9.073349 0.151349 5955696 5119202 4883491 193 5734.34 0 0 9.06978 0.0471382 0.0471382 1 1 341.229
9.07449055 0.15092 5955036 5120834 4887365 194 5716.79 0 0 9.07088 0.046664 0.046664 1 1 343.094
9.07563114 0.150298 5952230 5121604 4890085 195 5722.13 0 0 9.07203 0.046258 0.046258 1 1 344.912
9.07677364 0.150025 5946911 5118426 4888648 196 5715.27 0 0 9.07319 0.0459312 0.0459312 1 1 346.502
9.07793522 0.148868 5878550 5065444 4840533 197 5693.9 0 0 9.07434 0.045417 0.045417 1 1 348.353
9.07909775 0.149904 5823924 5013179 4792861 198 5707.64 0 0 9.07547 0.0449427 0.0449427 1 1 349.967
9.08025932 0.148352 5959041 5137452 4914109 199 5678.64 0 0 9.07668 0.0444468 0.0444468 1 1 351.812
9.08144283 0.147961 5959282 5139670 4918330 200 5680.17 0 0 9.07782 0.0440198 0.0440198 1 1 353.4
9.08262444 0.147502 5957673 5140642 4921495 201 5650.42 0 0 9.079 0.0435656 0.0435656 1 1 355.325
9.08382797 0.146968 5955468 5141482 4923765 202 5645.84 0 0 9.08025 0.0432679 0.0432679 1 1 357.131
9.08501148 0.146526 5952704 5141368 4925945 203 5647.36 0 0 9.08144 0.0428031 0.0428031 1 1 359
9.08621502 0.14566 5941171 5135856 4923406 204 5628.29 0 0 9.08261 0.042246 0.042246 1 1 360.795
9.08743763 0.145845 5812561 5023750 4817778 205 5656.52 0 0 9.08387 0.0418638 0.0418638 1 1 362.41
9.08866215 0.145286 5951635 5146826 4938624 206 5639.73 0 0 9.08506 0.0412935 0.0412935 1 1 364.257
9.08988667 0.144508 5959125 5157312 4950897 207 5619.13 0 0 9.08631 0.0408467 0.0408467 1 1 365.869
9.09111118 0.144036 5959528 5160097 4955450 208 5634.39 0 0 9.08755 0.0404674 0.0404674 1 1 367.701
9.09235573 0.143767 5959346 5161327 4959147 209 5612.27 0 0 9.08878 0.03996 0.03996 1 1 369.293
9.09360123 0.143295 5957779 5162404 4962961 210 5607.69 0 0 9.09002 0.0393998 0.0393998 1 1 371.137
9.09484577 0.142743 5958051 5165493 4967720 211 5588.62 0 0 9.09129 0.0390396 0.0390396 1 1 372.722
9.0961113 0.142146 5956699 5167405 4971401 212 5575.65 0 0 9.0925 0.0386689 0.0386689 1 1 374.61
9.09737778 0.141656 5955609 5168989 4976057 213 5586.33 0 0 9.09378 0.0380393 0.0380393 1 1 376.202
9.0986433 0.14104 5954990 5171636 4980373 214 5579.46 0 0 9.09506 0.0376843 0.0376843 1 1 378.05
9.09992981 0.14053 5953316 5172822 4984127 215 5597.77 0 0 9.09631 0.0371601 0.0371601 1 1 379.645
9.10121632 0.140012 5951564 5173980 4987578 216 5586.33 0 0 9.09761 0.0366918 0.0366918 1 1 381.487
9.10250378 0.139561 5947072 5172405 4988158 217 5564.97 0 0 9.09889 0.0362711 0.0362711 1 1 383.078
9.10381031 0.138588 5932143 5164442 4982805 218 5556.57 0 0 9.10018 0.0358041 0.0358041 1 1 384.909
9.1051178 0.139003 5821481 5066001 4890235 219 5574.88 0 0 9.10151 0.0353114 0.0353114 1 1 386.508
9.10642719 0.138107 5950547 5182959 5005140 220 5552 0 0 9.10284 0.0349107 0.0349107 1 1 388.342
9.10775471 0.13766 5950579 5185304 5010338 221 5563.44 0 0 9.10414 0.0343251 0.0343251 1 1 389.983
9.10908318 0.13709 5948296 5186272 5014125 222 5509.27 0 0 9.10549 0.0337562 0.0337562 1 1 391.588
9.1104126 0.136517 5946601 5187764 5016814 223 5519.95 0 0 9.1068 0.0335077 0.0335077 1 1 393.428
9.11176205 0.135865 5940652 5185953 5018353 224 5519.19 0 0 9.10817 0.0328518 0.0328518 1 1 395.013
9.1131115 0.13518 5893624 5148426 4984637 225 5524.53 0 0 9.10953 0.0323305 0.0323305 1 1 396.852
9.1144619 0.135546 5811759 5075054 4915976 226 5522.24 0 0 9.11084 0.0318469 0.0318469 1 1 398.46
9.11583233 0.134333 5950478 5202496 5042265 227 5494.77 0 0 9.11225 0.0312831 0.0312831 1 1 400.309
9.11720276 0.133579 5949715 5205753 5047650 228 5489.43 0 0 9.11357 0.0308416 0.0308416 1 1 401.906
9.11857414 0.133293 5949377 5206948 5051240 229 5466.54 0 0 9.11495 0.0303601 0.0303601 1 1 403.746
9.11996555 0.131366 5793195 5080035 4929463 230 5463.49 0 0 9.11635 0.0300881 0.0300881 1 1 405.344
9.12133789 0.132507 5947311 5209233 5058598 231 5455.1 0 0 9.11773 0.0293433 0.0293433 1 1 407.186
9.12275028 0.132143 5946704 5210597 5062442 232 5441.37 0 0 9.11914 0.0288455 0.0288455 1 1 408.783
9.12414265 0.131933 5947644 5212512 5067126 233 5449 0 0 9.12054 0.0282881 0.0282881 1 1 410.632
9.12555599 0.131624 5947350 5213866 5070687 234 5432.21 0 0 9.12194 0.0278453 0.0278453 1 1 412.243
9.12696934 0.131394 5947713 5215383 5075056 235 5426.11 0 0 9.12339 0.027275 0.027275 1 1 414.087
9.12840366 0.131185 5947748 5216505 5078762 236 5423.82 0 0 9.1248 0.0267601 0.0267601 1 1 415.68
9.12981796 0.130303 5884414 5165513 5031840 237 5382.62 0 0 9.12624 0.0262187 0.0262187 1 1 417.524
9.13127327 0.130908 5866799 5146934 5016286 238 5387.96 0 0 9.12767 0.0257114 0.0257114 1 1 419.111
9.13270855 0.130682 5903272 5180102 5051418 239 5423.82 0 0 9.12909 0.0251557 0.0251557 1 1 420.999
9.13416481 0.12996 5948487 5223548 5096297 240 5394.06 0 0 9.13056 0.0246627 0.0246627 1 1 422.613
9.13562107 0.129452 5948767 5226449 5102561 241 5394.83 0 0 9.132 0.0239895 0.0239895 1 1 424.457
9.13707733 0.128858 5950283 5230886 5108992 242 5366.6 0 0 9.13347 0.0235785 0.0235785 1 1 426.311
9.13855362 0.128372 5951082 5234131 5114741 243 5381.09 0 0 9.13491 0.0230741 0.0230741 1 1 428.145
9.14003181 0.127785 5951842 5237876 5121021 244 5355.15 0 0 9.13639 0.0225622 0.0225622 1 1 429.739
9.14153004 0.127225 5952876 5241721 5127404 245 5366.6 0 0 9.1379 0.0220504 0.0220504 1 1 431.581
9.14300823 0.126608 5952692 5244791 5133005 246 5360.49 0 0 9.13937 0.0215441 0.0215441 1 1 433.175
9.14450741 0.125808 5954605 5250675 5141727 247 5329.98 0 0 9.1409 0.0209676 0.0209676 1 1 435.013
9.14602757 0.125188 5955635 5254839 5148904 248 5336.08 0 0 9.14238 0.0203655 0.0203655 1 1 436.608
9.14752769 0.124804 5957002 5258064 5155189 249 5301.75 0 0 9.14391 0.0197591 0.0197591 1 1 438.442
9.14904881 0.124281 5957816 5261534 5161489 250 5318.53 0 0 9.14544 0.0191975 0.0191975 1 1 440.036
9.15056992 0.123517 5959318 5266884 5169308 251 5288.01 0 0 9.14693 0.0187001 0.0187001 1 1 441.878
9.15211105 0.122864 5960655 5271508 5176160 252 5301.75 0 0 9.1485 0.018253 0.018253 1 1 443.464
9.15365314 0.122227 5961574 5275678 5183900 253 5296.41 0 0 9.15 0.0175495 0.0175495 1 1 445.11
9.15519714 0.121672 5963688 5280480 5191456 254 5265.13 0 0 9.15157 0.0170028 0.0170028 1 1 446.948
9.15676022 0.12117 5965782 5284988 5199261 255 5264.36 0 0 9.15314 0.0163538 0.0163538 1 1 448.545
9.15830326 0.120277 5966175 5290055 5207330 256 5268.94 0 0 9.15466 0.0157614 0.0157614 1 1 450.39
9.15988827 0.119654 5966726 5293844 5213220 257 5255.21 0 0 9.15624 0.0153469 0.0153469 1 1 452.226
9.16145325 0.118831 5968461 5299742 5221830 258 5234.61 0 0 9.1578 0.0148102 0.0148102 1 1 453.824
9.16303825 0.117928 5968413 5304487 5229466 259 5217.82 0 0 9.15941 0.0142439 0.0142439 1 1 455.666
9.16462517 0.117173 5968196 5308302 5236304 260 5196.46 0 0 9.16098 0.0136561 0.0136561 1 1 457.266
9.16621208 0.116252 5968441 5313412 5244365 261 5188.07 0 0 9.16261 0.01308 0.01308 1 1 459.169
9.16781998 0.115526 5939536 5291516 5226550 262 5165.18 0 0 9.16418 0.0123534 0.0123534 1 1 460.973
9.16942692 0.114481 5944325 5301321 5238561 263 5167.47 0 0 9.16583 0.0119092 0.0119092 1 1 462.576
9.17105579 0.113565 5967404 5326778 5266701 264 5158.31 0 0 9.16746 0.0113424 0.0113424 1 1 464.409
9.17266464 0.112905 5969543 5332207 5275117 265 5143.82 0 0 9.16905 0.0107644 0.0107644 1 1 465.996
9.17429543 0.112145 5969268 5336017 5282335 266 5120.16 0 0 9.1707 0.0101113 0.0101113 1 1 467.831
9.17592621 0.111311 5968663 5339929 5288569 267 5113.3 0 0 9.17229 0.00966466 0.00966466 1 1 469.474
9.17757702 0.110743 5969750 5343933 5295859 268 5098.8 0 0 9.17398 0.0090367 0.0090367 1 1 471.316
9.17922878 0.110281 5969335 5346030 5301555 269 5098.04 0 0 9.17561 0.00835405 0.00835405 1 1 473.173
9.1808815 0.10978 5968811 5348242 5306631 270 5083.54 0 0 9.17728 0.00781074 0.00781074 1 1 474.968
9.18255424 0.109366 5969798 5351341 5312669 271 5059.89 0 0 9.17891 0.00725284 0.00725284 1 1 476.616
9.18420792 0.108955 5970282 5353976 5318165 272 5060.65 0 0 9.18062 0.00671114 0.00671114 1 1 478.461
9.1859026 0.108281 5968853 5356302 5324326 273 5038.53 0 0 9.18231 0.00598768 0.00598768 1 1 480.302
9.18757725 0.107863 5969230 5358881 5329308 274 5027.08 0 0 9.184 0.00553379 0.00553379 1 1 481.897
9.18927383 0.107492 5968575 5360278 5334413 275 5013.35 0 0 9.18567 0.00483699 0.00483699 1 1 483.753
9.19097042 0.106159 5962524 5361987 5339653 276 4998.86 0 0 9.18738 0.00417395 0.00417395 1 1 485.588
9.19266796 0.106104 5966702 5366039 5346988 277 4978.26 0 0 9.18909 0.00355661 0.00355661 1 1 487.435
9.19438553 0.1056 5965361 5367537 5351818 278 4966.81 0 0 9.19078 0.00293283 0.00293283 1 1 489.325
9.19610405 0.104755 5963667 5370550 5357371 279 4972.92 0 0 9.19249 0.00245695 0.00245695 1 1 491.172
9.19782352 0.104114 5962861 5373269 5363848 280 4950.79 0 0 9.19421 0.00175485 0.00175485 1 1 493.028
9.19956398 0.103572 5962464 5375823 5370048 281 4948.5 0 0 9.19595 0.00107483 0.00107483 1 1 494.877
9.20130444 0.102871 5962116 5379277 5375796 282 4937.82 0 0 9.19767 0.000647322 0.000647322 1 1 496.724
9.20304585 0.102345 5963559 5383411 5383454 283 4927.9 0 0 9.19944 -7.98747e-06 -7.98747e-06 1 1 498.592
9.20478821 0.101511 5963792 5388117 5391575 284 4931.72 0 0 9.20115 -0.000641577 -0.000641577 1 1 500.392
9.20655155 0.100755 5964376 5392717 5399890 285 4909.59 0 0 9.20294 -0.00132924 -0.00132924 1 1 502.241
9.2083149 0.099886 5964331 5397365 5408283 286 4891.28 0 0 9.20469 -0.0020208 -0.0020208 1 1 504.088
9.21010017 0.0992062 5963647 5400416 5414327 287 4864.58 0 0 9.20652 -0.0025726 -0.0025726 1 1 505.922
9.21186543 0.0985163 5963447 5403962 5421247 288 4869.92 0 0 9.20823 -0.00319347 -0.00319347 1 1 507.763
9.21365166 0.0977862 5965193 5409492 5429714 289 4847.03 0 0 9.21004 -0.00373127 -0.00373127 1 1 509.65
9.21545887 0.0973686 5966807 5413216 5437569 290 4835.58 0 0 9.21184 -0.00448871 -0.00448871 1 1 511.5
9.21724701 0.0970299 5967580 5415751 5443673 291 4828.72 0 0 9.21365 -0.00514246 -0.00514246 1 1 513.336
9.21905613 0.0962836 5966759 5419049 5450206 292 4810.41 0 0 9.2154 -0.00573307 -0.00573307 1 1 515.186
9.22088528 0.0957616 5965085 5420357 5454755 293 4811.17 0 0 9.21725 -0.00632602 -0.00632602 1 1 517.053
9.2226963 0.0952985 5966855 5424477 5462644 294 4806.59 0 0 9.21906 -0.00701143 -0.00701143 1 1 518.925
9.22452736 0.0948729 5966545 5426504 5468612 295 4795.15 0 0 9.22091 -0.00772974 -0.00772974 1 1 520.727
9.22635937 0.0942753 5966313 5429537 5474981 296 4751.66 0 0 9.22271 -0.00833494 -0.00833494 1 1 522.562
9.22819138 0.0935251 5963757 5431284 5479467 297 4759.29 0 0 9.22458 -0.00883226 -0.00883226 1 1 524.46
9.23004627 0.0929007 5960764 5431949 5484235 298 4723.43 0 0 9.22643 -0.00957961 -0.00957961 1 1 526.291
9.23190022 0.0916398 5856831 5343970 5397988 299 4727.24 0 0 9.2283 -0.0100575 -0.0100575 1 1 528.139
9.23375607 0.091257 5969619 5448967 5508473 300 4715.8 0 0 9.2301 -0.0108614 -0.0108614 1 1 529.986
9.23563194 0.0903686 5968479 5452769 5515838 301 4698.25 0 0 9.23201 -0.0115 -0.0115 1 1 531.834
9.23750973 0.0895403 5968226 5457056 5524192 302 4685.28 0 0 9.23387 -0.0122275 -0.0122275 1 1 533.668
9.23938847 0.0888175 5968105 5460891 5531695 303 4657.82 0 0 9.23578 -0.0128823 -0.0128823 1 1 535.564
9.24128723 0.0877215 5964397 5463483 5537160 304 4650.19 0 0 9.23762 -0.0133952 -0.0133952 1 1 537.423
9.2431879 0.0876584 5858916 5367199 5443104 305 4656.29 0 0 9.23955 -0.0140433 -0.0140433 1 1 539.263
9.24508858 0.0866481 5974604 5478710 5559569 306 4657.82 0 0 9.24145 -0.0146509 -0.0146509 1 1 541.108
9.24699116 0.0859906 5973471 5481274 5566661 307 4646.37 0 0 9.24338 -0.0154579 -0.0154579 1 1 542.942
9.24891376 0.085328 5972320 5483850 5572916 308 4645.61 0 0 9.24528 -0.016111 -0.016111 1 1 544.774
9.25083733 0.0848063 5971947 5486369 5579295 309 4626.54 0 0 9.24723 -0.0167958 -0.0167958 1 1 546.668
9.25276184 0.0839613 5971277 5490391 5586761 310 4625.01 0 0 9.24913 -0.0174002 -0.0174002 1 1 548.537
9.25470829 0.0833889 5971048 5493324 5593300 311 4594.49 0 0 9.2511 -0.0180359 -0.0180359 1 1 550.415
9.25663471 0.0824744 5970073 5497452 5602013 312 4605.17 0 0 9.25298 -0.0188413 -0.0188413 1 1 552.212
9.2586031 0.0818074 5970448 5501466 5609155 313 4605.94 0 0 9.25498 -0.0193855 -0.0193855 1 1 554.065
9.26055145 0.0813454 5968900 5502581 5614818 314 4568.55 0 0 9.25692 -0.0201919 -0.0201919 1 1 555.911
9.26252079 0.0806132 5964152 5502231 5617543 315 4560.16 0 0 9.25887 -0.0207407 -0.0207407 1 1 557.775
9.26449203 0.0802947 5857418 5405485 5522819 316 4579.23 0 0 9.26085 -0.0214742 -0.0214742 1 1 559.627
9.26646328 0.0793064 5971838 5516526 5640361 317 4567.79 0 0 9.26285 -0.0221998 -0.0221998 1 1 561.474
9.26845646 0.0785414 5969875 5518933 5646615 318 4545.66 0 0 9.26485 -0.0228717 -0.0228717 1 1 563.31
9.27045059 0.0774943 5968163 5523131 5654432 319 4566.26 0 0 9.26681 -0.0234948 -0.0234948 1 1 565.155
9.27244473 0.0767841 5966620 5525626 5661015 320 4547.19 0 0 9.26883 -0.0242067 -0.0242067 1 1 567
9.27444077 0.0762949 5956906 5519329 5658294 321 4525.06 0 0 9.27081 -0.0248661 -0.0248661 1 1 568.813
9.27645779 0.0759473 5932427 5498559 5641545 322 4520.49 0 0 9.27285 -0.0256719 -0.0256719 1 1 570.657
9.27847576 0.0743928 5971767 5543633 5690494 323 4503.7 0 0 9.27481 -0.026147 -0.026147 1 1 572.501
9.28051472 0.0734375 5971614 5548789 5699833 324 4489.2 0 0 9.27687 -0.0268572 -0.0268572 1 1 574.335
9.2825346 0.0727632 5970257 5551270 5706727 325 4493.02 0 0 9.27887 -0.0276189 -0.0276189 1 1 576.233
9.28457642 0.0721067 5970039 5554713 5714045 326 4473.95 0 0 9.28092 -0.0282804 -0.0282804 1 1 578.076
9.28661919 0.071526 5969192 5557151 5720767 327 4475.47 0 0 9.28296 -0.0290173 -0.0290173 1 1 579.916
9.28868198 0.0707045 5968416 5560995 5728248 328 4498.36 0 0 9.28504 -0.0296327 -0.0296327 1 1 581.778
9.29074764 0.069944 5968549 5565350 5736567 329 4459.45 0 0 9.2871 -0.0303011 -0.0303011 1 1 583.61
9.2928133 0.0693489 5969561 5569607 5745495 330 4460.21 0 0 9.28913 -0.0310916 -0.0310916 1 1 585.464
9.29487991 0.0686544 5969491 5573411 5754030 331 4444.95 0 0 9.29123 -0.0318932 -0.0318932 1 1 587.317
9.29696751 0.0677926 5969453 5578181 5762804 332 4451.82 0 0 9.29328 -0.0325614 -0.0325614 1 1 589.161
9.29905701 0.0671056 5968439 5581066 5769955 333 4436.56 0 0 9.29539 -0.0332845 -0.0332845 1 1 591.003
9.30114746 0.0665394 5968549 5584330 5777226 334 4434.27 0 0 9.29743 -0.0339592 -0.0339592 1 1 592.848
9.30323887 0.0654923 5968226 5589878 5787361 335 4427.41 0 0 9.29954 -0.0347189 -0.0347189 1 1 594.687
9.30535126 0.0646048 5967651 5594302 5795349 336 4409.09 0 0 9.30165 -0.0353071 -0.0353071 1 1 596.581
9.30746555 0.0638731 5967580 5598330 5803966 337 4429.69 0 0 9.30374 -0.0360731 -0.0360731 1 1 598.429
9.30960083 0.0631673 5968001 5602678 5812097 338 4408.33 0 0 9.3059 -0.0366967 -0.0366967 1 1 600.221
9.31171608 0.062436 5966874 5605718 5819609 339 4399.18 0 0 9.30801 -0.0374459 -0.0374459 1 1 602.109
9.31385422 0.0614906 5966609 5610771 5829012 340 4412.91 0 0 9.31016 -0.0381594 -0.0381594 1 1 603.947
9.31599236 0.0607005 5965706 5614356 5837141 341 4383.92 0 0 9.31226 -0.0389142 -0.0389142 1 1 605.794
9.31815243 0.0597493 5966530 5620475 5848067 342 4377.05 0 0 9.31444 -0.039695 -0.039695 1 1 607.647
9.32031441 0.0592153 5967754 5624631 5856623 343 4380.87 0 0 9.31658 -0.0404178 -0.0404178 1 1 609.504
9.32247639 0.0581781 5967631 5630352 5866740 344 4387.73 0 0 9.31871 -0.0411271 -0.0411271 1 1 611.351
9.32463932 0.0573991 5966815 5633969 5875089 345 4398.41 0 0 9.32088 -0.041907 -0.041907 1 1 613.193
9.32680416 0.0566803 5966761 5637969 5883119 346 4384.68 0 0 9.32304 -0.0425632 -0.0425632 1 1 615.086
9.32899094 0.0560128 5966026 5641039 5890488 347 4337.38 0 0 9.32525 -0.0432706 -0.0432706 1 1 616.921
9.33119869 0.0551681 5966172 5645944 5899180 348 4351.11 0 0 9.32744 -0.0438759 -0.0438759 1 1 618.769
9.33338737 0.0542374 5964623 5649734 5907916 349 4331.27 0 0 9.32964 -0.0446847 -0.0446847 1 1 620.611
9.33559799 0.0534381 5965652 5655227 5918505 350 4349.58 0 0 9.33185 -0.0455036 -0.0455036 1 1 622.507
9.33780861 0.0527109 5965202 5658914 5926357 351 4312.2 0 0 9.33401 -0.0461777 -0.0461777 1 1 624.363
9.34002113 0.0520486 5964041 5661561 5934079 352 4302.28 0 0 9.33627 -0.0470122 -0.0470122 1 1 626.205
9.34223461 0.0513719 5965036 5666339 5943016 353 4288.55 0 0 9.33845 -0.0476735 -0.0476735 1 1 628.068
9.34447002 0.0502824 5965296 5672763 5953264 354 4270.24 0 0 9.34069 -0.0482633 -0.0482633 1 1 629.863
9.34670734 0.0494713 5965278 5677349 5963402 355 4265.66 0 0 9.34293 -0.0491567 -0.0491567 1 1 631.764
9.34896564 0.0487134 5964992 5681381 5971639 356 4239.72 0 0 9.34519 -0.0498271 -0.0498271 1 1 633.617
9.35120392 0.04805 5965571 5685703 5981576 357 4238.96 0 0 9.34745 -0.0507293 -0.0507293 1 1 635.468
9.35346508 0.0472178 5965188 5690071 5990118 358 4215.3 0 0 9.34967 -0.0513884 -0.0513884 1 1 637.256
9.3557272 0.046319 5964436 5694470 5999762 359 4199.28 0 0 9.35197 -0.0522243 -0.0522243 1 1 639.164
9.35801125 0.0456168 5964545 5698574 6008447 360 4182.5 0 0 9.35424 -0.0529503 -0.0529503 1 1 640.95
9.36029625 0.0448163 5964690 5703276 6017319 361 4182.5 0 0 9.35648 -0.0536011 -0.0536011 1 1 642.849
9.36258221 0.0439604 5964611 5708084 6027483 362 4177.92 0 0 9.35879 -0.0544461 -0.0544461 1 1 644.687
9.36487007 0.0432692 5964250 5711685 6035240 363 4157.32 0 0 9.36105 -0.0551015 -0.0551015 1 1 646.524
9.36715889 0.0426672 5963641 5714541 6042921 364 4160.37 0 0 9.36334 -0.0558735 -0.0558735 1 1 648.405
9.36946964 0.041962 5962822 5717787 6051515 365 4171.82 0 0 9.36567 -0.0567268 -0.0567268 1 1 650.274
9.37178135 0.041153 5963110 5722691 6061145 366 4126.04 0 0 9.36797 -0.0574596 -0.0574596 1 1 652.074
9.37411594 0.0404601 5962065 5725654 6068847 367 4129.85 0 0 9.37034 -0.0582119 -0.0582119 1 1 653.963
9.37642956 0.0396445 5961826 5730096 6078139 368 4107.73 0 0 9.37261 -0.0589663 -0.0589663 1 1 655.824
9.37876606 0.0386777 5961740 5735556 6088199 369 4072.63 0 0 9.37496 -0.0596676 -0.0596676 1 1 657.67
9.38110352 0.0380089 5961472 5739135 6097086 370 4079.5 0 0 9.37731 -0.0605024 -0.0605024 1 1 659.507
9.38346386 0.0370208 5961006 5744360 6106907 371 4071.11 0 0 9.37961 -0.0612019 -0.0612019 1 1 661.347
9.38582516 0.036213 5960893 5748893 6116807 372 4061.95 0 0 9.382 -0.0620329 -0.0620329 1 1 663.188
9.38816547 0.0356561 5961043 5752240 6125106 373 4049.74 0 0 9.38434 -0.0628067 -0.0628067 1 1 665.036
9.39055061 0.034852 5960710 5756546 6134454 374 4058.14 0 0 9.38669 -0.0635834 -0.0635834 1 1 666.88
9.39291573 0.0340015 5960382 5761127 6144311 375 4036.01 0 0 9.38909 -0.0643935 -0.0643935 1 1 668.785
9.39530277 0.0332561 5960900 5765924 6153668 376 4034.49 0 0 9.39146 -0.0650829 -0.0650829 1 1 670.578
9.39769173 0.032239 5960908 5771799 6165088 377 4011.6 0 0 9.39386 -0.0659186 -0.0659186 1 1 672.466
9.40008068 0.0312297 5959917 5776667 6174448 378 4012.36 0 0 9.39626 -0.0665926 -0.0665926 1 1 674.305
9.40249252 0.0303967 5960204 5781759 6185142 379 3998.63 0 0 9.39864 -0.067442 -0.067442 1 1 676.141
9.40490627 0.0295475 5961657 5788082 6196441 380 3989.47 0 0 9.40106 -0.0681741 -0.0681741 1 1 678.052
9.40732098 0.0288241 5961115 5791744 6206081 381 3994.81 0 0 9.40347 -0.0690962 -0.0690962 1 1 679.843
9.40973663 0.0277741 5958858 5795633 6214385 382 3997.1 0 0 9.40589 -0.0697621 -0.0697621 1 1 681.756
9.41217518 0.0270423 5958830 5799849 6224108 383 3982.6 0 0 9.40833 -0.0705983 -0.0705983 1 1 683.539
9.41461468 0.0262427 5958755 5804415 6234191 384 3955.9 0 0 9.41076 -0.07143 -0.07143 1 1 685.421
9.41705608 0.0253509 5956953 5807837 6241999 385 3947.51 0 0 9.4132 -0.0720923 -0.0720923 1 1 687.265
9.41949749 0.0245474 5956847 5812402 6252346 386 3961.24 0 0 9.41567 -0.0729628 -0.0729628 1 1 689.102
9.42196274 0.0235981 5955310 5816421 6261245 387 3968.11 0 0 9.41808 -0.0736939 -0.0736939 1 1 690.993
9.42442894 0.0227231 5955756 5821949 6271950 388 3974.21 0 0 9.42055 -0.0744522 -0.0744522 1 1 692.828
9.4268961 0.0219555 5955174 5825850 6281354 389 3954.38 0 0 9.42302 -0.0752806 -0.0752806 1 1 694.673
9.42936516 0.0209067 5953945 5830760 6291127 390 3940.64 0 0 9.42541 -0.0759929 -0.0759929 1 1 696.536
9.43185616 0.0200647 5954073 5835797 6302727 391 3933.01 0 0 9.42796 -0.0769715 -0.0769715 1 1 698.385
9.43434906 0.0192307 5954078 5840671 6313005 392 3930.72 0 0 9.43046 -0.0777661 -0.0777661 1 1 700.242
9.43684292 0.0183096 5953314 5845303 6322941 393 3914.7 0 0 9.43291 -0.078546 -0.078546 1 1 702.092
9.43935966 0.0173453 5953225 5850855 6334176 394 3898.68 0 0 9.43547 -0.0793719 -0.0793719 1 1 703.935
9.44185638 0.0166857 5953627 5855111 6343650 395 3911.65 0 0 9.43796 -0.0801394 -0.0801394 1 1 705.778
9.44437599 0.0157151 5952873 5860054 6353381 396 3916.99 0 0 9.44044 -0.0808283 -0.0808283 1 1 707.627
9.44689655 0.0148343 5951528 5863893 6363148 397 3900.21 0 0 9.44298 -0.0817095 -0.0817095 1 1 709.46
9.44944 0.0140584 5950538 5867468 6372084 398 3904.02 0 0 9.4455 -0.0825034 -0.0825034 1 1 711.347
9.45198536 0.0130395 5949525 5872450 6382424 399 3868.93 0 0 9.44803 -0.083276 -0.083276 1 1 713.2
9.45453167 0.0123307 5932369 5859668 6374837 400 3904.78 0 0 9.45061 -0.0842656 -0.0842656 1 1 715.042
9.45707989 0.0111959 5947109 5880897 6402656 401 3867.4 0 0 9.45315 -0.0850036 -0.0850036 1 1 716.89
9.45962906 0.0103343 5946076 5884944 6411971 402 3876.55 0 0 9.45568 -0.0857695 -0.0857695 1 1 718.74
9.46220016 0.00956536 5945107 5888511 6421117 403 3857.48 0 0 9.45828 -0.0865889 -0.0865889 1 1 720.598
9.46477413 0.00884577 5943044 5890705 6428832 404 3854.43 0 0 9.46083 -0.0874172 -0.0874172 1 1 722.462
9.46737099 0.00791761 5942421 5895557 6438851 405 3854.43 0 0 9.4634 -0.0881511 -0.0881511 1 1 724.255
9.46994686 0.00698913 5941621 5900239 6449993 406 3845.27 0 0 9.46599 -0.0890862 -0.0890862 1 1 726.163
9.47254658 0.00618181 5926747 5890222 6442512 407 3838.41 0 0 9.46858 -0.0896248 -0.0896248 1 1 727.959
9.47514725 0.00547796 5939610 5907162 6467642 408 3820.1 0 0 9.47116 -0.0906461 -0.0906461 1 1 729.843
9.47774982 0.00445737 5940937 5914515 6481373 409 3855.19 0 0 9.47379 -0.0915229 -0.0915229 1 1 731.69
9.48037434 0.00355519 5939616 5918537 6489942 410 3850.61 0 0 9.47642 -0.0921643 -0.0921643 1 1 733.543
9.48297977 0.00275025 5938885 5922574 6500770 411 3855.95 0 0 9.47898 -0.0931495 -0.0931495 1 1 735.387
9.4856081 0.00189283 5938529 5927299 6511163 412 3785 0 0 9.48164 -0.0939495 -0.0939495 1 1 737.232
9.48825932 0.000938254 5939344 5933774 6523301 413 3795.68 0 0 9.48428 -0.0947201 -0.0947201 1 1 739.086
9.4908905 0.000135405 5938140 5937336 6533305 414 3773.56 0 0 9.48686 -0.0956524 -0.0956524 1 1 740.944
9.49354458 -0.000823667 5938059 5942952 6544959 415 3793.39 0 0 9.48954 -0.0964891 -0.0964891 1 1 742.785
9.49620056 -0.00170853 5938062 5948216 6555318 416 3782.71 0 0 9.4922 -0.0971853 -0.0971853 1 1 744.63
9.49885845 -0.00254739 5937723 5952868 6565941 417 3772.03 0 0 9.49481 -0.0980227 -0.0980227 1 1 746.473
9.50153828 -0.00348727 5937271 5958012 6577228 418 3794.16 0 0 9.49753 -0.0988765 -0.0988765 1 1 748.399
9.50419903 -0.00435326 5935707 5961603 6587407 419 3757.53 0 0 9.5002 -0.0998204 -0.0998204 1 1 750.195
9.50688171 -0.00530824 5935345 5966935 6598119 420 3770.5 0 0 9.50283 -0.100551 -0.100551 1 1 752.037
9.50958824 -0.00591584 5918388 5953504 6588927 421 3743.04 0 0 9.50556 -0.101411 -0.101411 1 1 753.938
9.5122757 -0.00704668 5932634 5974587 6616908 422 3752.96 0 0 9.50825 -0.102113 -0.102113 1 1 755.778
9.51498508 -0.00781508 5932166 5978708 6627747 423 3734.65 0 0 9.51091 -0.10306 -0.10306 1 1 757.63
9.51769638 -0.00880924 5931746 5984231 6639157 424 3723.2 0 0 9.51366 -0.103857 -0.103857 1 1 759.427
9.52040958 -0.0097012 5931837 5989663 6651188 425 3739.22 0 0 9.51638 -0.10476 -0.10476 1 1 761.324
9.52312469 -0.0107022 5930734 5994547 6662431 426 3748.38 0 0 9.51907 -0.105634 -0.105634 1 1 763.173
9.52586269 -0.0116709 5929499 5999107 6672296 427 3743.8 0 0 9.52181 -0.106353 -0.106353 1 1 765.041
9.52860165 -0.0125254 5912485 5987007 6664189 428 3721.68 0 0 9.52457 -0.107157 -0.107157 1 1 766.837
9.53134251 -0.0133781 5926774 6006596 6692420 429 3715.57 0 0 9.52729 -0.108117 -0.108117 1 1 768.72
9.53410721 -0.0144448 5925012 6011219 6703083 430 3733.12 0 0 9.53004 -0.10894 -0.10894 1 1 770.567
9.53685188 -0.0153796 5925118 6016948 6715619 431 3709.47 0 0 9.53276 -0.109856 -0.109856 1 1 772.419
9.53961945 -0.0162576 5924238 6021339 6726154 432 3683.53 0 0 9.53555 -0.110694 -0.110694 1 1 774.284
9.54238892 -0.0172422 5923924 6026951 6738358 433 3699.55 0 0 9.53832 -0.111575 -0.111575 1 1 776.08
9.54518223 -0.0181447 5922282 6030721 6747660 434 3661.4 0 0 9.54113 -0.112329 -0.112329 1 1 777.992
9.54795456 -0.0190355 5922777 6036600 6760674 435 3643.85 0 0 9.54392 -0.113282 -0.113282 1 1 779.782
9.55075073 -0.0200263 5921777 6041564 6771767 436 3644.62 0 0 9.54673 -0.114099 -0.114099 1 1 781.677
9.55354881 -0.0207897 5920642 6045019 6781034 437 3648.43 0 0 9.54948 -0.114895 -0.114895 1 1 783.509
9.55636978 -0.0217696 5919358 6049633 6792127 438 3622.49 0 0 9.55234 -0.115767 -0.115767 1 1 785.385
9.55917168 -0.0226786 5917809 6053550 6802297 439 3635.46 0 0 9.55514 -0.116615 -0.116615 1 1 787.232
9.56199646 -0.0236578 5917453 6059116 6814201 440 3629.36 0 0 9.55794 -0.117445 -0.117445 1 1 789.097
9.5648222 -0.024638 5915968 6063536 6825882 441 3615.63 0 0 9.5608 -0.118428 -0.118428 1 1 790.895
9.56765079 -0.0253467 5914028 6065845 6834989 442 3590.45 0 0 9.56366 -0.119381 -0.119381 1 1 792.768
9.57050323 -0.0263255 5911465 6069154 6844964 443 3598.08 0 0 9.56648 -0.120294 -0.120294 1 1 794.621
9.57333469 -0.0271815 5906202 6068943 6850022 444 3575.19 0 0 9.56931 -0.121067 -0.121067 1 1 796.456
9.57618999 -0.0282198 5888134 6056663 6841708 445 3564.51 0 0 9.57216 -0.121878 -0.121878 1 1 798.305
9.57906914 -0.0289145 5905367 6078610 6872649 446 3572.14 0 0 9.57503 -0.122774 -0.122774 1 1 800.159
9.58192825 -0.0300318 5903906 6083900 6884146 447 3577.48 0 0 9.57788 -0.123575 -0.123575 1 1 802.014
9.58481121 -0.0307702 5901042 6085441 6892261 448 3564.51 0 0 9.58075 -0.1245 -0.1245 1 1 803.889
9.58767319 -0.0316474 5898326 6087978 6901623 449 3561.46 0 0 9.58364 -0.125441 -0.125441 1 1 805.682
9.59058189 -0.0327782 5897011 6093507 6913432 450 3547.72 0 0 9.58658 -0.126242 -0.126242 1 1 807.573
9.59346962 -0.0336808 5896496 6098477 6924674 451 3550.77 0 0 9.58942 -0.127052 -0.127052 1 1 809.407
9.59635925 -0.0346169 5896675 6104374 6937915 452 3542.38 0 0 9.59234 -0.127996 -0.127996 1 1 811.246
9.59927368 -0.0354773 5891935 6104717 6944166 453 3553.83 0 0 9.59524 -0.12884 -0.12884 1 1 813.119
9.60218811 -0.0363294 5888436 6106293 6952452 454 3555.35 0 0 9.59812 -0.129775 -0.129775 1 1 814.971
9.60512733 -0.0373234 5888501 6112433 6965429 455 3542.38 0 0 9.60106 -0.130634 -0.130634 1 1 816.818
9.60804653 -0.0383686 5887564 6117851 6977763 456 3538.57 0 0 9.60397 -0.131517 -0.131517 1 1 818.672
9.61098957 -0.0392865 5887976 6123898 6989727 457 3522.55 0 0 9.60694 -0.132243 -0.132243 1 1 820.471
9.61393452 -0.0402346 5886834 6128518 7001398 458 3540.09 0 0 9.60987 -0.133157 -0.133157 1 1 822.319
9.61688137 -0.0411282 5884727 6131801 7011930 459 3558.4 0 0 9.61278 -0.134124 -0.134124 1 1 824.208
9.61983013 -0.0422568 5882980 6136903 7023543 460 3543.91 0 0 9.61576 -0.134948 -0.134948 1 1 826.058
9.62280273 -0.0429259 5881639 6139611 7033451 461 3563.74 0 0 9.61873 -0.135916 -0.135916 1 1 827.904
9.62577724 -0.0440944 5881968 6147133 7048041 462 3572.9 0 0 9.62167 -0.136764 -0.136764 1 1 829.757
#     BM23  -  E.S.R.F.  - Thu Dec 10 17:25:29 2015
# first crystal temperature at the end of the scan -164.8 deg C
#     BM23  -  E.S.R.F.  - Thu Dec 10 17:25:29 2015
# first crystal temperature at the end of the scan -164.8 deg C
