
VD= 0 to 1 in 0.01 step
VG= 0 to 1 in 0.2 step
NO. VG ID IG VD
 V A A V
1 0 1.41E-12 -1.102E-11 0
2 0 5.2E-13 -4.3E-13 0.01
3 0 3.23E-12 6.24E-12 0.02
4 0 -3.79E-12 7.2E-13 0.03
5 0 2.63E-12 -1.186E-11 0.04
6 0 -1.52E-12 2.3E-13 0.05
7 0 3.48E-12 2.32E-12 0.06
8 0 -1.94E-12 -7.37E-12 0.07
9 0 3.73E-12 1.25E-12 0.08
10 0 -3.73E-12 1.48E-11 0.09
11 0 7.28E-12 -5.89E-12 0.1
12 0 -4.42E-12 9.7E-13 0.11
13 0 2.38E-12 -1.61E-12 0.12
14 0 -1.5E-12 -1.1E-13 0.13
15 0 3.95E-12 -2.62E-12 0.14
16 0 -2.23E-12 8.92E-12 0.15
17 0 -1.2E-13 8.6E-13 0.16
18 0 1.22E-12 -4.18E-12 0.17
19 0 3.9E-12 -2.85E-12 0.18
20 0 -4.7E-13 9.3E-12 0.19
21 0 1.79E-12 -5.5E-12 0.2
22 0 1.81E-12 4.99E-12 0.21
23 0 2.28E-12 2.74E-12 0.22
24 0 1.37E-12 -1.11E-12 0.23
25 0 1.25E-12 -3.45E-12 0.24
26 0 -7E-14 7.1E-12 0.25
27 0 3.75E-12 1.7E-12 0.26
28 0 -4.6E-13 -7.5E-13 0.27
29 0 -8.3E-13 6.09E-12 0.28
30 0 2.92E-12 -3.19E-12 0.29
31 0 3.14E-12 -5.15E-12 0.3
32 0 -1.2E-12 7.1E-13 0.31
33 0 4.75E-12 4.16E-12 0.32
34 0 2.54E-12 2.29E-12 0.33
35 0 4.47E-12 5.33E-12 0.34
36 0 9.4E-13 -8.3E-13 0.35
37 0 2.7E-12 -4.99E-12 0.36
38 0 -3E-14 8.82E-12 0.37
39 0 6.1E-12 -2.9E-13 0.38
40 0 -1.97E-12 -4.53E-12 0.39
41 0 1.21E-12 -1.1E-12 0.4
42 0 2.02E-12 -1.91E-12 0.41
43 0 3.1E-12 -3.58E-12 0.42
44 0 -1.4E-13 5.3E-13 0.43
45 0 2.63E-12 -6.57E-12 0.44
46 0 2.2E-12 -3.25E-12 0.45
47 0 3.19E-12 -7.4E-13 0.46
48 0 4.81E-12 2.3E-12 0.47
49 0 2.4E-12 -1.37E-12 0.48
50 0 4.5E-12 7.03E-12 0.49
51 0 4.28E-12 2.51E-12 0.5
52 0 3.87E-12 -8.82E-12 0.51
53 0 6.4E-13 -7.43E-12 0.52
54 0 6.17E-12 2E-14 0.53
55 0 2.74E-12 -3.2E-13 0.54
56 0 3.11E-12 -4.63E-12 0.55
57 0 3.62E-12 -1.7E-13 0.56
58 0 3.7E-12 4.44E-12 0.57
59 0 4.07E-12 -5.24E-12 0.58
60 0 5.56E-12 -6.88E-12 0.59
61 0 2.68E-12 1.08E-12 0.6
62 0 6.67E-12 -8.84E-12 0.61
63 0 6.07E-12 3.27E-12 0.62
64 0 4.98E-12 -2.46E-12 0.63
65 0 3.21E-12 -7.41E-12 0.64
66 0 8.75E-12 -2.43E-12 0.65
67 0 6.35E-12 3.39E-12 0.66
68 0 7.02E-12 -3.7E-12 0.67
69 0 5.44E-12 -1.102E-11 0.68
70 0 7.17E-12 -6.2E-13 0.69
71 0 5.33E-12 -8.4E-13 0.7
72 0 9.69E-12 -9.75E-12 0.71
73 0 3.19E-12 -6.09E-12 0.72
74 0 9.93E-12 -3.8E-13 0.73
75 0 8.96E-12 -4.83E-12 0.74
76 0 7.46E-12 -1.136E-11 0.75
77 0 6.28E-12 -8.13E-12 0.76
78 0 1.208E-11 -6.45E-12 0.77
79 0 8.38E-12 -5E-12 0.78
80 0 1.114E-11 -1.112E-11 0.79
81 0 8.42E-12 -8.36E-12 0.8
82 0 1.15E-11 -8.24E-12 0.81
83 0 1.157E-11 -8.09E-12 0.82
84 0 8.89E-12 -1.422E-11 0.83
85 0 1.099E-11 -1.299E-11 0.84
86 0 1.21E-11 -7.07E-12 0.85
87 0 1.178E-11 -9.42E-12 0.86
88 0 1.268E-11 -1.706E-11 0.87
89 0 1.081E-11 -9.45E-12 0.88
90 0 1.499E-11 -1.37E-11 0.89
91 0 1.477E-11 -1.109E-11 0.9
92 0 1.245E-11 -1.165E-11 0.91
93 0 1.537E-11 -1.123E-11 0.92
94 0 1.675E-11 -1.533E-11 0.93
95 0 1.528E-11 -1.636E-11 0.94
96 0 1.773E-11 -1.715E-11 0.95
97 0 1.512E-11 -1.277E-11 0.96
98 0 1.995E-11 -5.49E-12 0.97
99 0 1.777E-11 -1.02E-11 0.98
100 0 1.761E-11 -2.701E-11 0.99
101 0 1.715E-11 -1.591E-11 1
102 0.2 -1.702E-11 2.808E-11 0
103 0.2 -5.93E-12 2.298E-11 0.01
104 0.2 4.01E-12 2.606E-11 0.02
105 0.2 1.233E-11 2.032E-11 0.03
106 0.2 1.509E-11 1.366E-11 0.04
107 0.2 1.785E-11 1.824E-11 0.05
108 0.2 2.135E-11 1.892E-11 0.06
109 0.2 2.589E-11 1.681E-11 0.07
110 0.2 2.204E-11 2.137E-11 0.08
111 0.2 2.622E-11 1.254E-11 0.09
112 0.2 2.584E-11 1.514E-11 0.1
113 0.2 2.704E-11 1.834E-11 0.11
114 0.2 2.537E-11 1.357E-11 0.12
115 0.2 2.6E-11 1.459E-11 0.13
116 0.2 2.602E-11 2.108E-11 0.14
117 0.2 2.875E-11 1.499E-11 0.15
118 0.2 2.514E-11 1.326E-11 0.16
119 0.2 2.577E-11 1.494E-11 0.17
120 0.2 2.852E-11 1.657E-11 0.18
121 0.2 2.721E-11 1.438E-11 0.19
122 0.2 2.795E-11 1.486E-11 0.2
123 0.2 2.602E-11 1.06E-11 0.21
124 0.2 3.012E-11 2.025E-11 0.22
125 0.2 2.735E-11 1.956E-11 0.23
126 0.2 2.914E-11 7.52E-12 0.24
127 0.2 2.561E-11 1.636E-11 0.25
128 0.2 3.013E-11 1.747E-11 0.26
129 0.2 2.706E-11 8.69E-12 0.27
130 0.2 2.821E-11 1.482E-11 0.28
131 0.2 2.526E-11 1.946E-11 0.29
132 0.2 2.928E-11 1.206E-11 0.3
133 0.2 2.84E-11 1.806E-11 0.31
134 0.2 2.713E-11 1.397E-11 0.32
135 0.2 2.739E-11 1.081E-11 0.33
136 0.2 2.907E-11 1.704E-11 0.34
137 0.2 2.975E-11 2.121E-11 0.35
138 0.2 2.862E-11 1.91E-11 0.36
139 0.2 2.256E-11 3.606E-11 0.37
140 0.2 3.336E-11 3.238E-11 0.38
141 0.2 2.539E-11 -2E-13 0.39
142 0.2 2.685E-11 9.33E-12 0.4
143 0.2 3.058E-11 2.427E-11 0.41
144 0.2 2.641E-11 6.35E-12 0.42
145 0.2 3.067E-11 9.87E-12 0.43
146 0.2 2.483E-11 2.533E-11 0.44
147 0.2 3.133E-11 7.51E-12 0.45
148 0.2 2.471E-11 7.33E-12 0.46
149 0.2 2.524E-11 8.6E-12 0.47
150 0.2 3.392E-11 1.757E-11 0.48
151 0.2 2.386E-11 1.304E-11 0.49
152 0.2 3.216E-11 1.957E-11 0.5
153 0.2 2.475E-11 5.32E-12 0.51
154 0.2 3.329E-11 1.799E-11 0.52
155 0.2 2.556E-11 1.691E-11 0.53
156 0.2 3.221E-11 2.14E-12 0.54
157 0.2 2.539E-11 7.68E-12 0.55
158 0.2 3.221E-11 2.11E-11 0.56
159 0.2 2.87E-11 8.27E-12 0.57
160 0.2 2.96E-11 1.161E-11 0.58
161 0.2 2.873E-11 1.9E-11 0.59
162 0.2 2.957E-11 7.68E-12 0.6
163 0.2 3.201E-11 1.008E-11 0.61
164 0.2 2.814E-11 1.407E-11 0.62
165 0.2 2.899E-11 1.644E-11 0.63
166 0.2 3.179E-11 1.372E-11 0.64
167 0.2 3.032E-11 2.142E-11 0.65
168 0.2 2.95E-11 1.1E-12 0.66
169 0.2 2.955E-11 8.31E-12 0.67
170 0.2 3.204E-11 2.419E-11 0.68
171 0.2 3.043E-11 5.89E-12 0.69
172 0.2 3.136E-11 8.83E-12 0.7
173 0.2 2.87E-11 1.711E-11 0.71
174 0.2 3.323E-11 1.292E-11 0.72
175 0.2 3.058E-11 7.38E-12 0.73
176 0.2 3.044E-11 1.603E-11 0.74
177 0.2 2.971E-11 1.067E-11 0.75
178 0.2 3.278E-11 1.093E-11 0.76
179 0.2 3.184E-11 1.541E-11 0.77
180 0.2 3.098E-11 8.48E-12 0.78
181 0.2 3.192E-11 8.18E-12 0.79
182 0.2 3.305E-11 1.979E-11 0.8
183 0.2 3.376E-11 8.21E-12 0.81
184 0.2 3.167E-11 7.97E-12 0.82
185 0.2 3.235E-11 1.161E-11 0.83
186 0.2 3.426E-11 1.145E-11 0.84
187 0.2 3.281E-11 8.8E-12 0.85
188 0.2 3.285E-11 6.39E-12 0.86
189 0.2 3.131E-11 8.06E-12 0.87
190 0.2 3.556E-11 1.145E-11 0.88
191 0.2 3.336E-11 8.4E-12 0.89
192 0.2 3.349E-11 6.2E-12 0.9
193 0.2 3.444E-11 1.104E-11 0.91
194 0.2 3.526E-11 9.98E-12 0.92
195 0.2 3.684E-11 3.59E-12 0.93
196 0.2 3.408E-11 1.009E-11 0.94
197 0.2 3.65E-11 5.83E-12 0.95
198 0.2 3.642E-11 7.41E-12 0.96
199 0.2 3.736E-11 1.006E-11 0.97
200 0.2 3.501E-11 1.41E-12 0.98
201 0.2 3.69E-11 9.49E-12 0.99
202 0.2 3.727E-11 7.53E-12 1
203 0.4 -2.5381E-10 4.5468E-10 0
204 0.4 6.8615E-09 4.3053E-10 0.01
205 0.4 1.2222E-08 4.1238E-10 0.02
206 0.4 1.6356E-08 3.9581E-10 0.03
207 0.4 1.948E-08 3.8401E-10 0.04
208 0.4 2.1657E-08 3.74E-10 0.05
209 0.4 2.325E-08 3.648E-10 0.06
210 0.4 2.4464E-08 3.5575E-10 0.07
211 0.4 2.5219E-08 3.4926E-10 0.08
212 0.4 2.5783E-08 3.4474E-10 0.09
213 0.4 2.6183E-08 3.4236E-10 0.1
214 0.4 2.6474E-08 3.4009E-10 0.11
215 0.4 2.664E-08 3.4257E-10 0.12
216 0.4 2.6842E-08 3.4142E-10 0.13
217 0.4 2.6923E-08 3.3701E-10 0.14
218 0.4 2.6918E-08 3.4091E-10 0.15
219 0.4 2.6967E-08 3.4242E-10 0.16
220 0.4 2.7099E-08 3.3726E-10 0.17
221 0.4 2.7006E-08 3.3366E-10 0.18
222 0.4 2.7006E-08 3.3908E-10 0.19
223 0.4 2.7126E-08 3.4209E-10 0.2
224 0.4 2.7038E-08 3.3538E-10 0.21
225 0.4 2.7029E-08 3.3618E-10 0.22
226 0.4 2.7089E-08 3.3761E-10 0.23
227 0.4 2.7058E-08 3.3642E-10 0.24
228 0.4 2.7053E-08 3.3577E-10 0.25
229 0.4 2.7064E-08 3.3528E-10 0.26
230 0.4 2.7097E-08 3.3742E-10 0.27
231 0.4 2.706E-08 3.3305E-10 0.28
232 0.4 2.7068E-08 3.3337E-10 0.29
233 0.4 2.7146E-08 3.335E-10 0.3
234 0.4 2.7061E-08 3.3653E-10 0.31
235 0.4 2.7071E-08 3.3704E-10 0.32
236 0.4 2.7061E-08 3.3729E-10 0.33
237 0.4 2.708E-08 3.3546E-10 0.34
238 0.4 2.7063E-08 3.3554E-10 0.35
239 0.4 2.7165E-08 3.3874E-10 0.36
240 0.4 2.7074E-08 3.3421E-10 0.37
241 0.4 2.7065E-08 3.3312E-10 0.38
242 0.4 2.7059E-08 3.3289E-10 0.39
243 0.4 2.7069E-08 3.3363E-10 0.4
244 0.4 2.7069E-08 3.3133E-10 0.41
245 0.4 2.7079E-08 3.3034E-10 0.42
246 0.4 2.7067E-08 3.3389E-10 0.43
247 0.4 2.7055E-08 3.3537E-10 0.44
248 0.4 2.7087E-08 3.3757E-10 0.45
249 0.4 2.7126E-08 3.3722E-10 0.46
250 0.4 2.7076E-08 3.4035E-10 0.47
251 0.4 2.7062E-08 3.4079E-10 0.48
252 0.4 2.7204E-08 3.3847E-10 0.49
253 0.4 2.7072E-08 3.3798E-10 0.5
254 0.4 2.7067E-08 3.3883E-10 0.51
255 0.4 2.7121E-08 3.3759E-10 0.52
256 0.4 2.707E-08 3.3226E-10 0.53
257 0.4 2.7079E-08 3.3334E-10 0.54
258 0.4 2.7087E-08 3.3852E-10 0.55
259 0.4 2.7095E-08 3.3896E-10 0.56
260 0.4 2.7079E-08 3.3701E-10 0.57
261 0.4 2.7063E-08 3.3933E-10 0.58
262 0.4 2.7062E-08 3.4092E-10 0.59
263 0.4 2.7063E-08 3.3854E-10 0.6
264 0.4 2.7063E-08 3.3324E-10 0.61
265 0.4 2.708E-08 3.3439E-10 0.62
266 0.4 2.7079E-08 3.348E-10 0.63
267 0.4 2.7091E-08 3.3409E-10 0.64
268 0.4 2.7065E-08 3.3435E-10 0.65
269 0.4 2.7055E-08 3.3765E-10 0.66
270 0.4 2.7063E-08 3.4223E-10 0.67
271 0.4 2.7065E-08 3.3877E-10 0.68
272 0.4 2.7064E-08 3.3981E-10 0.69
273 0.4 2.7072E-08 3.3895E-10 0.7
274 0.4 2.7074E-08 3.3871E-10 0.71
275 0.4 2.7077E-08 3.3575E-10 0.72
276 0.4 2.707E-08 3.3284E-10 0.73
277 0.4 2.7078E-08 3.3491E-10 0.74
278 0.4 2.7061E-08 3.3201E-10 0.75
279 0.4 2.7068E-08 3.319E-10 0.76
280 0.4 2.7063E-08 3.3264E-10 0.77
281 0.4 2.7073E-08 3.3717E-10 0.78
282 0.4 2.7079E-08 3.362E-10 0.79
283 0.4 2.7065E-08 3.3498E-10 0.8
284 0.4 2.7072E-08 3.3521E-10 0.81
285 0.4 2.7074E-08 3.378E-10 0.82
286 0.4 2.7078E-08 3.3978E-10 0.83
287 0.4 2.7078E-08 3.3995E-10 0.84
288 0.4 2.7075E-08 3.3723E-10 0.85
289 0.4 2.7076E-08 3.3612E-10 0.86
290 0.4 2.7091E-08 3.3607E-10 0.87
291 0.4 2.7093E-08 3.3103E-10 0.88
292 0.4 2.7087E-08 3.3002E-10 0.89
293 0.4 2.7076E-08 3.3391E-10 0.9
294 0.4 2.7089E-08 3.3467E-10 0.91
295 0.4 2.7088E-08 3.3211E-10 0.92
296 0.4 2.7085E-08 3.3369E-10 0.93
297 0.4 2.7094E-08 3.3489E-10 0.94
298 0.4 2.7108E-08 3.3629E-10 0.95
299 0.4 2.7087E-08 3.3636E-10 0.96
300 0.4 2.7087E-08 3.3505E-10 0.97
301 0.4 2.7093E-08 3.3574E-10 0.98
302 0.4 2.7088E-08 3.3507E-10 0.99
303 0.4 2.7107E-08 3.3513E-10 1
304 0.6 -1.4479E-09 2.7744E-09 0
305 0.6 7.871E-08 2.67E-09 0.01
306 0.6 1.5355E-07 2.5717E-09 0.02
307 0.6 2.2365E-07 2.4755E-09 0.03
308 0.6 2.8807E-07 2.3916E-09 0.04
309 0.6 3.4806E-07 2.3096E-09 0.05
310 0.6 4.0267E-07 2.2305E-09 0.06
311 0.6 4.5288E-07 2.1562E-09 0.07
312 0.6 4.979E-07 2.0889E-09 0.08
313 0.6 5.3869E-07 2.0331E-09 0.09
314 0.6 5.748E-07 1.9756E-09 0.1
315 0.6 6.0714E-07 1.9246E-09 0.11
316 0.6 6.3526E-07 1.8779E-09 0.12
317 0.6 6.5975E-07 1.8407E-09 0.13
318 0.6 6.8063E-07 1.8093E-09 0.14
319 0.6 6.9822E-07 1.7813E-09 0.15
320 0.6 7.1294E-07 1.7559E-09 0.16
321 0.6 7.2503E-07 1.7343E-09 0.17
322 0.6 7.3481E-07 1.72E-09 0.18
323 0.6 7.4259E-07 1.7074E-09 0.19
324 0.6 7.4872E-07 1.6979E-09 0.2
325 0.6 7.5353E-07 1.6876E-09 0.21
326 0.6 7.5693E-07 1.6833E-09 0.22
327 0.6 7.5961E-07 1.6749E-09 0.23
328 0.6 7.6148E-07 1.665E-09 0.24
329 0.6 7.6289E-07 1.6681E-09 0.25
330 0.6 7.6396E-07 1.6686E-09 0.26
331 0.6 7.644E-07 1.6688E-09 0.27
332 0.6 7.6514E-07 1.6616E-09 0.28
333 0.6 7.6532E-07 1.6591E-09 0.29
334 0.6 7.6611E-07 1.6559E-09 0.3
335 0.6 7.6582E-07 1.6572E-09 0.31
336 0.6 7.6598E-07 1.6566E-09 0.32
337 0.6 7.6602E-07 1.6561E-09 0.33
338 0.6 7.6606E-07 1.6564E-09 0.34
339 0.6 7.6623E-07 1.6576E-09 0.35
340 0.6 7.6603E-07 1.6577E-09 0.36
341 0.6 7.6626E-07 1.6576E-09 0.37
342 0.6 7.661E-07 1.6651E-09 0.38
343 0.6 7.6627E-07 1.6673E-09 0.39
344 0.6 7.6648E-07 1.6606E-09 0.4
345 0.6 7.6643E-07 1.657E-09 0.41
346 0.6 7.6633E-07 1.6559E-09 0.42
347 0.6 7.6635E-07 1.6622E-09 0.43
348 0.6 7.6648E-07 1.6614E-09 0.44
349 0.6 7.6646E-07 1.6615E-09 0.45
350 0.6 7.6669E-07 1.6584E-09 0.46
351 0.6 7.6658E-07 1.6625E-09 0.47
352 0.6 7.6677E-07 1.659E-09 0.48
353 0.6 7.6666E-07 1.6577E-09 0.49
354 0.6 7.6662E-07 1.6589E-09 0.5
355 0.6 7.6681E-07 1.6602E-09 0.51
356 0.6 7.6661E-07 1.6615E-09 0.52
357 0.6 7.6682E-07 1.6582E-09 0.53
358 0.6 7.6682E-07 1.6571E-09 0.54
359 0.6 7.668E-07 1.6582E-09 0.55
360 0.6 7.6682E-07 1.6597E-09 0.56
361 0.6 7.6684E-07 1.6537E-09 0.57
362 0.6 7.6679E-07 1.6525E-09 0.58
363 0.6 7.6698E-07 1.6555E-09 0.59
364 0.6 7.6674E-07 1.6554E-09 0.6
365 0.6 7.6685E-07 1.6561E-09 0.61
366 0.6 7.6674E-07 1.6545E-09 0.62
367 0.6 7.6669E-07 1.6525E-09 0.63
368 0.6 7.6671E-07 1.6562E-09 0.64
369 0.6 7.6644E-07 1.6536E-09 0.65
370 0.6 7.6658E-07 1.6567E-09 0.66
371 0.6 7.6638E-07 1.6507E-09 0.67
372 0.6 7.6638E-07 1.6535E-09 0.68
373 0.6 7.6668E-07 1.6566E-09 0.69
374 0.6 7.6682E-07 1.6562E-09 0.7
375 0.6 7.6682E-07 1.6584E-09 0.71
376 0.6 7.6676E-07 1.6573E-09 0.72
377 0.6 7.6676E-07 1.6584E-09 0.73
378 0.6 7.6694E-07 1.6561E-09 0.74
379 0.6 7.6681E-07 1.6495E-09 0.75
380 0.6 7.6664E-07 1.6501E-09 0.76
381 0.6 7.6656E-07 1.6519E-09 0.77
382 0.6 7.667E-07 1.6497E-09 0.78
383 0.6 7.6675E-07 1.6498E-09 0.79
384 0.6 7.6667E-07 1.6514E-09 0.8
385 0.6 7.6664E-07 1.6553E-09 0.81
386 0.6 7.6694E-07 1.6568E-09 0.82
387 0.6 7.6688E-07 1.654E-09 0.83
388 0.6 7.6693E-07 1.6549E-09 0.84
389 0.6 7.6695E-07 1.6526E-09 0.85
390 0.6 7.6694E-07 1.654E-09 0.86
391 0.6 7.6679E-07 1.6527E-09 0.87
392 0.6 7.669E-07 1.6473E-09 0.88
393 0.6 7.6706E-07 1.6498E-09 0.89
394 0.6 7.6685E-07 1.6485E-09 0.9
395 0.6 7.6682E-07 1.6469E-09 0.91
396 0.6 7.6699E-07 1.6459E-09 0.92
397 0.6 7.6699E-07 1.6418E-09 0.93
398 0.6 7.6705E-07 1.6482E-09 0.94
399 0.6 7.6698E-07 1.6516E-09 0.95
400 0.6 7.6708E-07 1.6514E-09 0.96
401 0.6 7.6698E-07 1.6542E-09 0.97
402 0.6 7.6719E-07 1.6616E-09 0.98
403 0.6 7.6698E-07 1.6617E-09 0.99
404 0.6 7.6681E-07 1.658E-09 1
405 0.8 -3.6837E-09 1.0694E-08 0
406 0.8 1.7771E-07 1.0325E-08 0.01
407 0.8 3.5437E-07 1.0047E-08 0.02
408 0.8 5.2686E-07 9.7872E-09 0.03
409 0.8 6.9145E-07 9.514E-09 0.04
410 0.8 8.5241E-07 9.2393E-09 0.05
411 0.8 1.006E-06 8.9905E-09 0.06
412 0.8 1.1556E-06 8.7334E-09 0.07
413 0.8 1.2978E-06 8.5145E-09 0.08
414 0.8 1.4355E-06 8.3041E-09 0.09
415 0.8 1.5666E-06 8.084E-09 0.1
416 0.8 1.6928E-06 7.8884E-09 0.11
417 0.8 1.8124E-06 7.706E-09 0.12
418 0.8 1.9273E-06 7.5209E-09 0.13
419 0.8 2.0359E-06 7.3477E-09 0.14
420 0.8 2.1402E-06 7.1855E-09 0.15
421 0.8 2.2372E-06 7.0476E-09 0.16
422 0.8 2.3297E-06 6.893E-09 0.17
423 0.8 2.4164E-06 6.7463E-09 0.18
424 0.8 2.4984E-06 6.6296E-09 0.19
425 0.8 2.5746E-06 6.5175E-09 0.2
426 0.8 2.6459E-06 6.4075E-09 0.21
427 0.8 2.7117E-06 6.2929E-09 0.22
428 0.8 2.7735E-06 6.2028E-09 0.23
429 0.8 2.829E-06 6.1264E-09 0.24
430 0.8 2.88E-06 6.0474E-09 0.25
431 0.8 2.927E-06 5.9631E-09 0.26
432 0.8 2.969E-06 5.8977E-09 0.27
433 0.8 3.0067E-06 5.8425E-09 0.28
434 0.8 3.0406E-06 5.7911E-09 0.29
435 0.8 3.0709E-06 5.7363E-09 0.3
436 0.8 3.0962E-06 5.697E-09 0.31
437 0.8 3.1186E-06 5.6572E-09 0.32
438 0.8 3.1375E-06 5.6278E-09 0.33
439 0.8 3.1537E-06 5.5981E-09 0.34
440 0.8 3.1671E-06 5.5713E-09 0.35
441 0.8 3.1782E-06 5.5569E-09 0.36
442 0.8 3.1865E-06 5.5422E-09 0.37
443 0.8 3.1942E-06 5.5367E-09 0.38
444 0.8 3.1994E-06 5.5247E-09 0.39
445 0.8 3.204E-06 5.512E-09 0.4
446 0.8 3.2071E-06 5.5133E-09 0.41
447 0.8 3.2096E-06 5.5161E-09 0.42
448 0.8 3.2112E-06 5.4979E-09 0.43
449 0.8 3.2136E-06 5.5017E-09 0.44
450 0.8 3.2139E-06 5.5012E-09 0.45
451 0.8 3.2144E-06 5.5001E-09 0.46
452 0.8 3.2157E-06 5.4919E-09 0.47
453 0.8 3.2154E-06 5.4874E-09 0.48
454 0.8 3.2176E-06 5.491E-09 0.49
455 0.8 3.2166E-06 5.4886E-09 0.5
456 0.8 3.2172E-06 5.4843E-09 0.51
457 0.8 3.2165E-06 5.4811E-09 0.52
458 0.8 3.2167E-06 5.4828E-09 0.53
459 0.8 3.2175E-06 5.4872E-09 0.54
460 0.8 3.2178E-06 5.4911E-09 0.55
461 0.8 3.2176E-06 5.4867E-09 0.56
462 0.8 3.217E-06 5.4916E-09 0.57
463 0.8 3.2174E-06 5.4847E-09 0.58
464 0.8 3.2178E-06 5.4871E-09 0.59
465 0.8 3.2175E-06 5.4835E-09 0.6
466 0.8 3.2176E-06 5.4837E-09 0.61
467 0.8 3.218E-06 5.4816E-09 0.62
468 0.8 3.2175E-06 5.4818E-09 0.63
469 0.8 3.2178E-06 5.4937E-09 0.64
470 0.8 3.2175E-06 5.4997E-09 0.65
471 0.8 3.2182E-06 5.4977E-09 0.66
472 0.8 3.2182E-06 5.4906E-09 0.67
473 0.8 3.2186E-06 5.4829E-09 0.68
474 0.8 3.218E-06 5.4945E-09 0.69
475 0.8 3.2175E-06 5.4985E-09 0.7
476 0.8 3.2186E-06 5.4887E-09 0.71
477 0.8 3.2186E-06 5.4811E-09 0.72
478 0.8 3.2185E-06 5.4726E-09 0.73
479 0.8 3.2182E-06 5.4722E-09 0.74
480 0.8 3.2187E-06 5.4778E-09 0.75
481 0.8 3.219E-06 5.4822E-09 0.76
482 0.8 3.2189E-06 5.4865E-09 0.77
483 0.8 3.2191E-06 5.4899E-09 0.78
484 0.8 3.2185E-06 5.4874E-09 0.79
485 0.8 3.2187E-06 5.4952E-09 0.8
486 0.8 3.219E-06 5.4894E-09 0.81
487 0.8 3.2184E-06 5.4973E-09 0.82
488 0.8 3.2182E-06 5.5032E-09 0.83
489 0.8 3.2182E-06 5.4993E-09 0.84
490 0.8 3.2185E-06 5.4954E-09 0.85
491 0.8 3.2194E-06 5.4927E-09 0.86
492 0.8 3.2186E-06 5.4899E-09 0.87
493 0.8 3.2178E-06 5.4819E-09 0.88
494 0.8 3.2184E-06 5.4842E-09 0.89
495 0.8 3.2185E-06 5.4829E-09 0.9
496 0.8 3.219E-06 5.4884E-09 0.91
497 0.8 3.2188E-06 5.4833E-09 0.92
498 0.8 3.219E-06 5.469E-09 0.93
499 0.8 3.2188E-06 5.4691E-09 0.94
500 0.8 3.2188E-06 5.4713E-09 0.95
501 0.8 3.2192E-06 5.4715E-09 0.96
502 0.8 3.2198E-06 5.4775E-09 0.97
503 0.8 3.219E-06 5.4823E-09 0.98
504 0.8 3.2183E-06 5.4824E-09 0.99
505 0.8 3.2184E-06 5.4776E-09 1
506 1 -1.8531E-08 3.3885E-08 0
507 1 2.6717E-07 3.2986E-08 0.01
508 1 5.4536E-07 3.2092E-08 0.02
509 1 8.2033E-07 3.1181E-08 0.03
510 1 1.08761E-06 3.0378E-08 0.04
511 1 1.3518E-06 2.9691E-08 0.05
512 1 1.6081E-06 2.8881E-08 0.06
513 1 1.8614E-06 2.8175E-08 0.07
514 1 2.1069E-06 2.7499E-08 0.08
515 1 2.3488E-06 2.6853E-08 0.09
516 1 2.5835E-06 2.6238E-08 0.1
517 1 2.8145E-06 2.5632E-08 0.11
518 1 3.0378E-06 2.5053E-08 0.12
519 1 3.2566E-06 2.451E-08 0.13
520 1 3.4692E-06 2.4058E-08 0.14
521 1 3.6778E-06 2.35E-08 0.15
522 1 3.8781E-06 2.3045E-08 0.16
523 1 4.0748E-06 2.2529E-08 0.17
524 1 4.264E-06 2.2098E-08 0.18
525 1 4.4495E-06 2.1692E-08 0.19
526 1 4.6274E-06 2.1271E-08 0.2
527 1 4.801E-06 2.0902E-08 0.21
528 1 4.9679E-06 2.0514E-08 0.22
529 1 5.1301E-06 2.0189E-08 0.23
530 1 5.2855E-06 1.9853E-08 0.24
531 1 5.4362E-06 1.9532E-08 0.25
532 1 5.5802E-06 1.921E-08 0.26
533 1 5.7194E-06 1.8939E-08 0.27
534 1 5.8524E-06 1.8638E-08 0.28
535 1 5.9808E-06 1.8396E-08 0.29
536 1 6.1018E-06 1.8134E-08 0.3
537 1 6.2185E-06 1.7896E-08 0.31
538 1 6.3284E-06 1.7701E-08 0.32
539 1 6.4347E-06 1.7482E-08 0.33
540 1 6.5329E-06 1.728E-08 0.34
541 1 6.6274E-06 1.709E-08 0.35
542 1 6.7156E-06 1.6948E-08 0.36
543 1 6.8E-06 1.6782E-08 0.37
544 1 6.8782E-06 1.6648E-08 0.38
545 1 6.9506E-06 1.6486E-08 0.39
546 1 7.0187E-06 1.6334E-08 0.4
547 1 7.082E-06 1.6257E-08 0.41
548 1 7.1393E-06 1.6118E-08 0.42
549 1 7.1923E-06 1.5999E-08 0.43
550 1 7.2412E-06 1.5883E-08 0.44
551 1 7.2857E-06 1.582E-08 0.45
552 1 7.3245E-06 1.5735E-08 0.46
553 1 7.3602E-06 1.5677E-08 0.47
554 1 7.3906E-06 1.5624E-08 0.48
555 1 7.4197E-06 1.5564E-08 0.49
556 1 7.4437E-06 1.5494E-08 0.5
557 1 7.4643E-06 1.546E-08 0.51
558 1 7.4816E-06 1.5412E-08 0.52
559 1 7.4969E-06 1.5423E-08 0.53
560 1 7.51E-06 1.5366E-08 0.54
561 1 7.5207E-06 1.5364E-08 0.55
562 1 7.5281E-06 1.5337E-08 0.56
563 1 7.5365E-06 1.5352E-08 0.57
564 1 7.5399E-06 1.5344E-08 0.58
565 1 7.5445E-06 1.531E-08 0.59
566 1 7.5477E-06 1.5302E-08 0.6
567 1 7.5509E-06 1.5302E-08 0.61
568 1 7.5523E-06 1.5266E-08 0.62
569 1 7.554E-06 1.5284E-08 0.63
570 1 7.5547E-06 1.5276E-08 0.64
571 1 7.5568E-06 1.5256E-08 0.65
572 1 7.557E-06 1.5275E-08 0.66
573 1 7.5577E-06 1.5279E-08 0.67
574 1 7.5572E-06 1.5283E-08 0.68
575 1 7.5575E-06 1.5274E-08 0.69
576 1 7.5589E-06 1.5317E-08 0.7
577 1 7.5593E-06 1.5296E-08 0.71
578 1 7.56E-06 1.5271E-08 0.72
579 1 7.5585E-06 1.5303E-08 0.73
580 1 7.5596E-06 1.5291E-08 0.74
581 1 7.5595E-06 1.5292E-08 0.75
582 1 7.5582E-06 1.5293E-08 0.76
583 1 7.5602E-06 1.5297E-08 0.77
584 1 7.5603E-06 1.5282E-08 0.78
585 1 7.5592E-06 1.5286E-08 0.79
586 1 7.5604E-06 1.5269E-08 0.8
587 1 7.5593E-06 1.53E-08 0.81
588 1 7.5611E-06 1.5316E-08 0.82
589 1 7.5613E-06 1.5315E-08 0.83
590 1 7.5606E-06 1.5289E-08 0.84
591 1 7.5623E-06 1.5293E-08 0.85
592 1 7.5613E-06 1.5289E-08 0.86
593 1 7.5625E-06 1.529E-08 0.87
594 1 7.5608E-06 1.5271E-08 0.88
595 1 7.5605E-06 1.5298E-08 0.89
596 1 7.5602E-06 1.5299E-08 0.9
597 1 7.5622E-06 1.5289E-08 0.91
598 1 7.5612E-06 1.5277E-08 0.92
599 1 7.5621E-06 1.5292E-08 0.93
600 1 7.5623E-06 1.5294E-08 0.94
601 1 7.5619E-06 1.5305E-08 0.95
602 1 7.5624E-06 1.5314E-08 0.96
603 1 7.5625E-06 1.5261E-08 0.97
604 1 7.5621E-06 1.5257E-08 0.98
605 1 7.5631E-06 1.5276E-08 0.99
606 1 7.5631E-06 1.5245E-08 1
