
VD= 0 to 1 in 0.01 step
VG= 0 to 1 in 0.2 step
NO. VG ID IG VD
 V A A V
1 0 -6.391E-10 -6.319E-11 0
2 0 2.0963E-07 -2.4148E-09 0.01
3 0 4.1978E-07 -4.4989E-09 0.02
4 0 6.3197E-07 -6.718E-09 0.03
5 0 8.4479E-07 -8.9145E-09 0.04
6 0 1.0599E-06 -1.0993E-08 0.05
7 0 1.2806E-06 -1.3352E-08 0.06
8 0 1.506E-06 -1.5855E-08 0.07
9 0 1.7313E-06 -1.8014E-08 0.08
10 0 1.9671E-06 -1.8673E-08 0.09
11 0 2.2012E-06 -2.1219E-08 0.1
12 0 2.4455E-06 -2.3639E-08 0.11
13 0 2.6901E-06 -2.6117E-08 0.12
14 0 2.9408E-06 -2.9428E-08 0.13
15 0 3.2023E-06 -3.2384E-08 0.14
16 0 3.4633E-06 -3.4963E-08 0.15
17 0 3.731E-06 -3.7516E-08 0.16
18 0 4.0031E-06 -4.0369E-08 0.17
19 0 4.2778E-06 -4.3721E-08 0.18
20 0 4.5573E-06 -4.664E-08 0.19
21 0 4.8485E-06 -4.9755E-08 0.2
22 0 5.1355E-06 -5.284E-08 0.21
23 0 5.4305E-06 -5.6763E-08 0.22
24 0 5.7379E-06 -5.9907E-08 0.23
25 0 6.0399E-06 -6.3958E-08 0.24
26 0 6.36E-06 -6.7937E-08 0.25
27 0 6.6743E-06 -7.1978E-08 0.26
28 0 7.0018E-06 -7.5922E-08 0.27
29 0 7.3406E-06 -8.0502E-08 0.28
30 0 7.6689E-06 -8.4622E-08 0.29
31 0 7.9998E-06 -9.0698E-08 0.3
32 0 8.352E-06 -9.635E-08 0.31
33 0 8.7025E-06 -1.02301E-07 0.32
34 0 9.0581E-06 -1.08308E-07 0.33
35 0 9.432E-06 -1.14592E-07 0.34
36 0 9.7975E-06 -1.2063E-07 0.35
37 0 1.01564E-05 -1.269E-07 0.36
38 0 1.05466E-05 -1.356E-07 0.37
39 0 1.09293E-05 -1.263E-07 0.38
40 0 1.13202E-05 -1.3236E-07 0.39
41 0 1.1741E-05 -1.5799E-07 0.4
42 0 1.2153E-05 -1.6548E-07 0.41
43 0 1.2596E-05 -1.72E-07 0.42
44 0 1.2965E-05 -1.8309E-07 0.43
45 0 1.3424E-05 -1.898E-07 0.44
46 0 1.3888E-05 -1.9926E-07 0.45
47 0 1.4299E-05 -2.0222E-07 0.46
48 0 1.4744E-05 -2.1486E-07 0.47
49 0 1.5209E-05 -2.2491E-07 0.48
50 0 1.5624E-05 -2.3293E-07 0.49
51 0 1.6136E-05 -2.4434E-07 0.5
52 0 1.66E-05 -2.532E-07 0.51
53 0 1.7079E-05 -2.6547E-07 0.52
54 0 1.759E-05 -2.7431E-07 0.53
55 0 1.8076E-05 -2.8823E-07 0.54
56 0 1.8574E-05 -2.9626E-07 0.55
57 0 1.9102E-05 -3.0901E-07 0.56
58 0 1.9636E-05 -3.1147E-07 0.57
59 0 2.0136E-05 -3.3391E-07 0.58
60 0 2.062E-05 -3.4987E-07 0.59
61 0 2.1143E-05 -3.6549E-07 0.6
62 0 2.1748E-05 -3.7816E-07 0.61
63 0 2.2323E-05 -3.9394E-07 0.62
64 0 2.2892E-05 -4.0879E-07 0.63
65 0 2.3427E-05 -4.1875E-07 0.64
66 0 2.4052E-05 -4.3606E-07 0.65
67 0 2.4613E-05 -4.5403E-07 0.66
68 0 2.5218E-05 -4.7131E-07 0.67
69 0 2.5834E-05 -4.9546E-07 0.68
70 0 2.6456E-05 -5.1126E-07 0.69
71 0 2.7088E-05 -5.3084E-07 0.7
72 0 2.7753E-05 -5.5705E-07 0.71
73 0 2.8445E-05 -5.7905E-07 0.72
74 0 2.9132E-05 -6.0637E-07 0.73
75 0 2.9813E-05 -6.266E-07 0.74
76 0 3.0595E-05 -6.5431E-07 0.75
77 0 3.126E-05 -6.7814E-07 0.76
78 0 3.1961E-05 -7.1038E-07 0.77
79 0 3.2777E-05 -7.3926E-07 0.78
80 0 3.3444E-05 -7.7446E-07 0.79
81 0 3.4235E-05 -8.3183E-07 0.8
82 0 3.5052E-05 -8.4973E-07 0.81
83 0 3.5847E-05 -9.1385E-07 0.82
84 0 3.6714E-05 -9.3165E-07 0.83
85 0 3.7474E-05 -9.714E-07 0.84
86 0 3.8331E-05 -1.02678E-06 0.85
87 0 3.9255E-05 -1.07199E-06 0.86
88 0 4.007E-05 -1.119E-06 0.87
89 0 4.1012E-05 -1.2094E-06 0.88
90 0 4.2E-05 -1.2439E-06 0.89
91 0 4.3003E-05 -1.2951E-06 0.9
92 0 4.3905E-05 -1.3541E-06 0.91
93 0 4.4584E-05 -1.4045E-06 0.92
94 0 4.5439E-05 -1.4781E-06 0.93
95 0 4.6527E-05 -1.5503E-06 0.94
96 0 4.7648E-05 -1.6557E-06 0.95
97 0 4.9097E-05 -1.7453E-06 0.96
98 0 4.9903E-05 -1.82E-06 0.97
99 0 5.1284E-05 -2.0715E-06 0.98
100 0 5.2842E-05 -2.1971E-06 0.99
101 0 5.4172E-05 -2.2417E-06 1
102 0.2 -7.8553E-08 5.8803E-07 0
103 0.2 2.2131E-07 5.7625E-07 0.01
104 0.2 4.997E-07 5.823E-07 0.02
105 0.2 7.7248E-07 5.6643E-07 0.03
106 0.2 1.03105E-06 5.6229E-07 0.04
107 0.2 1.2911E-06 5.5757E-07 0.05
108 0.2 1.5481E-06 5.513E-07 0.06
109 0.2 1.8009E-06 5.4935E-07 0.07
110 0.2 2.0545E-06 5.447E-07 0.08
111 0.2 2.3166E-06 5.3891E-07 0.09
112 0.2 2.5793E-06 5.3419E-07 0.1
113 0.2 2.844E-06 5.324E-07 0.11
114 0.2 3.1183E-06 5.2815E-07 0.12
115 0.2 3.3942E-06 5.2613E-07 0.13
116 0.2 3.6737E-06 5.2039E-07 0.14
117 0.2 3.9535E-06 5.1914E-07 0.15
118 0.2 4.2439E-06 5.1264E-07 0.16
119 0.2 4.5388E-06 5.1089E-07 0.17
120 0.2 4.8326E-06 5.097E-07 0.18
121 0.2 5.1397E-06 5.0745E-07 0.19
122 0.2 5.4432E-06 5.0509E-07 0.2
123 0.2 5.7579E-06 5.032E-07 0.21
124 0.2 6.0811E-06 4.9934E-07 0.22
125 0.2 6.3972E-06 4.9831E-07 0.23
126 0.2 6.7233E-06 4.9661E-07 0.24
127 0.2 7.0546E-06 4.9266E-07 0.25
128 0.2 7.3897E-06 4.9151E-07 0.26
129 0.2 7.7664E-06 4.9037E-07 0.27
130 0.2 8.1099E-06 4.8832E-07 0.28
131 0.2 8.4684E-06 4.8456E-07 0.29
132 0.2 8.8303E-06 4.8179E-07 0.3
133 0.2 9.1638E-06 4.7462E-07 0.31
134 0.2 9.5369E-06 4.7571E-07 0.32
135 0.2 9.8913E-06 4.8068E-07 0.33
136 0.2 1.02944E-05 4.6805E-07 0.34
137 0.2 1.06996E-05 4.6501E-07 0.35
138 0.2 1.10803E-05 4.6226E-07 0.36
139 0.2 1.1484E-05 4.6E-07 0.37
140 0.2 1.1926E-05 4.6E-07 0.38
141 0.2 1.2341E-05 4.5618E-07 0.39
142 0.2 1.2769E-05 4.5256E-07 0.4
143 0.2 1.3199E-05 4.4848E-07 0.41
144 0.2 1.3629E-05 4.4604E-07 0.42
145 0.2 1.4071E-05 4.3538E-07 0.43
146 0.2 1.4513E-05 4.3124E-07 0.44
147 0.2 1.4975E-05 4.3264E-07 0.45
148 0.2 1.5437E-05 4.3027E-07 0.46
149 0.2 1.5899E-05 4.2809E-07 0.47
150 0.2 1.639E-05 4.2111E-07 0.48
151 0.2 1.6864E-05 4.2749E-07 0.49
152 0.2 1.7344E-05 4.111E-07 0.5
153 0.2 1.7848E-05 4.1294E-07 0.51
154 0.2 1.8319E-05 4.0342E-07 0.52
155 0.2 1.882E-05 3.9672E-07 0.53
156 0.2 1.9396E-05 3.9054E-07 0.54
157 0.2 1.9894E-05 3.8655E-07 0.55
158 0.2 2.0438E-05 3.7357E-07 0.56
159 0.2 2.1006E-05 3.6754E-07 0.57
160 0.2 2.1604E-05 3.5933E-07 0.58
161 0.2 2.2103E-05 3.5573E-07 0.59
162 0.2 2.267E-05 3.4607E-07 0.6
163 0.2 2.3214E-05 3.3665E-07 0.61
164 0.2 2.3814E-05 3.2902E-07 0.62
165 0.2 2.4372E-05 3.1785E-07 0.63
166 0.2 2.4991E-05 3.1136E-07 0.64
167 0.2 2.5562E-05 3.0807E-07 0.65
168 0.2 2.6218E-05 3.0134E-07 0.66
169 0.2 2.6888E-05 2.8597E-07 0.67
170 0.2 2.7482E-05 2.748E-07 0.68
171 0.2 2.8165E-05 2.596E-07 0.69
172 0.2 2.8869E-05 2.569E-07 0.7
173 0.2 2.951E-05 2.4759E-07 0.71
174 0.2 3.0174E-05 2.4446E-07 0.72
175 0.2 3.0787E-05 2.233E-07 0.73
176 0.2 3.1492E-05 2.1359E-07 0.74
177 0.2 3.211E-05 2.0852E-07 0.75
178 0.2 3.2896E-05 1.9158E-07 0.76
179 0.2 3.381E-05 1.804E-07 0.77
180 0.2 3.4506E-05 1.6853E-07 0.78
181 0.2 3.52E-05 1.9044E-07 0.79
182 0.2 3.5714E-05 1.7863E-07 0.8
183 0.2 3.6841E-05 1.5709E-07 0.81
184 0.2 3.7641E-05 1.5536E-07 0.82
185 0.2 3.8503E-05 1.2485E-07 0.83
186 0.2 3.9178E-05 1.0456E-07 0.84
187 0.2 4.0145E-05 9.8292E-08 0.85
188 0.2 4.1035E-05 7.3267E-08 0.86
189 0.2 4.1911E-05 5.205E-08 0.87
190 0.2 4.2556E-05 3.6947E-08 0.88
191 0.2 4.3829E-05 1.6038E-08 0.89
192 0.2 4.4862E-05 -5.269E-09 0.9
193 0.2 4.5746E-05 -5.0185E-08 0.91
194 0.2 4.6935E-05 -5.3925E-08 0.92
195 0.2 4.776E-05 -9.1221E-08 0.93
196 0.2 4.8848E-05 -1.13907E-07 0.94
197 0.2 5.0081E-05 -2.1594E-07 0.95
198 0.2 5.0836E-05 -2.5842E-07 0.96
199 0.2 5.2036E-05 -2.9279E-07 0.97
200 0.2 5.4172E-05 -3.7007E-07 0.98
201 0.2 5.5159E-05 -3.9676E-07 0.99
202 0.2 5.6614E-05 -4.2495E-07 1
203 0.4 -2.4626E-07 1.6915E-06 0
204 0.4 3.1149E-06 1.6823E-06 0.01
205 0.4 6.0857E-06 1.6752E-06 0.02
206 0.4 8.7625E-06 1.6576E-06 0.03
207 0.4 1.10625E-05 1.6414E-06 0.04
208 0.4 1.3172E-05 1.6388E-06 0.05
209 0.4 1.5026E-05 1.6406E-06 0.06
210 0.4 1.6757E-05 1.6381E-06 0.07
211 0.4 1.824E-05 1.6176E-06 0.08
212 0.4 1.9611E-05 1.6143E-06 0.09
213 0.4 2.0901E-05 1.6042E-06 0.1
214 0.4 2.2137E-05 1.5894E-06 0.11
215 0.4 2.3257E-05 1.5854E-06 0.12
216 0.4 2.4412E-05 1.5856E-06 0.13
217 0.4 2.5452E-05 1.566E-06 0.14
218 0.4 2.6319E-05 1.7442E-06 0.15
219 0.4 2.7376E-05 1.5518E-06 0.16
220 0.4 2.8333E-05 1.5475E-06 0.17
221 0.4 2.9262E-05 1.5401E-06 0.18
222 0.4 3.0145E-05 1.5336E-06 0.19
223 0.4 3.0998E-05 1.529E-06 0.2
224 0.4 3.1921E-05 1.5255E-06 0.21
225 0.4 3.283E-05 1.5117E-06 0.22
226 0.4 3.3776E-05 1.5098E-06 0.23
227 0.4 3.4586E-05 1.5072E-06 0.24
228 0.4 3.5479E-05 1.4992E-06 0.25
229 0.4 3.6311E-05 1.4921E-06 0.26
230 0.4 3.7227E-05 1.4915E-06 0.27
231 0.4 3.8158E-05 1.483E-06 0.28
232 0.4 3.8925E-05 1.4788E-06 0.29
233 0.4 3.9765E-05 1.4775E-06 0.3
234 0.4 4.0675E-05 1.449E-06 0.31
235 0.4 4.1582E-05 1.481E-06 0.32
236 0.4 4.2501E-05 1.4672E-06 0.33
237 0.4 4.325E-05 1.4653E-06 0.34
238 0.4 4.4202E-05 1.4705E-06 0.35
239 0.4 4.5017E-05 1.459E-06 0.36
240 0.4 4.6065E-05 1.4567E-06 0.37
241 0.4 4.6836E-05 1.4553E-06 0.38
242 0.4 4.7752E-05 1.4506E-06 0.39
243 0.4 4.8638E-05 1.4523E-06 0.4
244 0.4 4.944E-05 1.4473E-06 0.41
245 0.4 5.0389E-05 1.4444E-06 0.42
246 0.4 5.1387E-05 1.4479E-06 0.43
247 0.4 5.22E-05 1.4448E-06 0.44
248 0.4 5.3001E-05 1.4385E-06 0.45
249 0.4 5.3932E-05 1.4378E-06 0.46
250 0.4 5.4919E-05 1.4338E-06 0.47
251 0.4 5.5808E-05 1.4305E-06 0.48
252 0.4 5.6752E-05 1.4308E-06 0.49
253 0.4 5.7598E-05 1.4292E-06 0.5
254 0.4 5.8601E-05 1.4283E-06 0.51
255 0.4 5.9544E-05 1.4335E-06 0.52
256 0.4 6.0547E-05 1.4243E-06 0.53
257 0.4 6.141E-05 1.418E-06 0.54
258 0.4 6.2362E-05 1.4176E-06 0.55
259 0.4 6.3417E-05 1.4163E-06 0.56
260 0.4 6.4402E-05 1.4128E-06 0.57
261 0.4 6.5321E-05 1.4095E-06 0.58
262 0.4 6.651E-05 1.408E-06 0.59
263 0.4 6.7403E-05 1.4034E-06 0.6
264 0.4 6.8217E-05 1.4006E-06 0.61
265 0.4 6.9314E-05 1.3977E-06 0.62
266 0.4 7.0482E-05 1.3926E-06 0.63
267 0.4 7.1426E-05 1.3878E-06 0.64
268 0.4 7.2574E-05 1.3902E-06 0.65
269 0.4 7.3634E-05 1.3926E-06 0.66
270 0.4 7.4594E-05 1.373E-06 0.67
271 0.4 7.5682E-05 1.3725E-06 0.68
272 0.4 7.6802E-05 1.3696E-06 0.69
273 0.4 7.773E-05 1.3583E-06 0.7
274 0.4 7.892E-05 1.3536E-06 0.71
275 0.4 8.0139E-05 1.3537E-06 0.72
276 0.4 8.0969E-05 1.3502E-06 0.73
277 0.4 8.2296E-05 1.3509E-06 0.74
278 0.4 8.3364E-05 1.3399E-06 0.75
279 0.4 8.4693E-05 1.3345E-06 0.76
280 0.4 8.5767E-05 1.3229E-06 0.77
281 0.4 8.6975E-05 1.3301E-06 0.78
282 0.4 8.8242E-05 1.3112E-06 0.79
283 0.4 8.9338E-05 1.3079E-06 0.8
284 0.4 9.0712E-05 1.4115E-06 0.81
285 0.4 9.2001E-05 1.2968E-06 0.82
286 0.4 9.3154E-05 1.2961E-06 0.83
287 0.4 9.452E-05 1.2836E-06 0.84
288 0.4 9.5764E-05 1.2716E-06 0.85
289 0.4 9.7167E-05 1.2682E-06 0.86
290 0.4 9.854E-05 1.2728E-06 0.87
291 0.4 9.9906E-05 1.256E-06 0.88
292 0.4 0.000101213 1.2797E-06 0.89
293 0.4 0.000102491 1.2675E-06 0.9
294 0.4 0.000104013 1.255E-06 0.91
295 0.4 0.000104202 1.2224E-06 0.92
296 0.4 0.000106504 1.2175E-06 0.93
297 0.4 0.000108241 1.1751E-06 0.94
298 0.4 0.00010949 1.1664E-06 0.95
299 0.4 0.000111255 1.3697E-06 0.96
300 0.4 0.000112854 1.3512E-06 0.97
301 0.4 0.000113702 1.3446E-06 0.98
302 0.4 0.00011485 1.323E-06 0.99
303 0.4 0.00011754 1.1224E-06 1
304 0.6 -3.4989E-07 3.5174E-06 0
305 0.6 1.2488E-05 3.4936E-06 0.01
306 0.6 2.4936E-05 3.4771E-06 0.02
307 0.6 3.6888E-05 3.4592E-06 0.03
308 0.6 4.8235E-05 3.5618E-06 0.04
309 0.6 5.9102E-05 3.4326E-06 0.05
310 0.6 6.9225E-05 3.4042E-06 0.06
311 0.6 7.9178E-05 3.4727E-06 0.07
312 0.6 8.8223E-05 3.3715E-06 0.08
313 0.6 9.6946E-05 3.3532E-06 0.09
314 0.6 0.000104972 3.3387E-06 0.1
315 0.6 0.000112699 3.3236E-06 0.11
316 0.6 0.00011979 3.308E-06 0.12
317 0.6 0.00012629 3.2922E-06 0.13
318 0.6 0.00013226 3.3094E-06 0.14
319 0.6 0.0001382 3.263E-06 0.15
320 0.6 0.00014348 3.3087E-06 0.16
321 0.6 0.00014849 3.2409E-06 0.17
322 0.6 0.00015313 3.295E-06 0.18
323 0.6 0.00015763 3.2153E-06 0.19
324 0.6 0.00016178 3.2042E-06 0.2
325 0.6 0.00016563 3.3046E-06 0.21
326 0.6 0.00016934 3.1964E-06 0.22
327 0.6 0.00017291 3.1803E-06 0.23
328 0.6 0.00017629 3.173E-06 0.24
329 0.6 0.0001796 3.183E-06 0.25
330 0.6 0.00018261 3.154E-06 0.26
331 0.6 0.00018522 3.1313E-06 0.27
332 0.6 0.00018845 3.126E-06 0.28
333 0.6 0.00019109 3.1509E-06 0.29
334 0.6 0.00019365 3.1082E-06 0.3
335 0.6 0.00019623 3.0987E-06 0.31
336 0.6 0.00019868 3.1013E-06 0.32
337 0.6 0.00020063 3.1315E-06 0.33
338 0.6 0.00020345 3.0895E-06 0.34
339 0.6 0.00020527 3.077E-06 0.35
340 0.6 0.00020798 3.2221E-06 0.36
341 0.6 0.00021 3.1096E-06 0.37
342 0.6 0.0002117 3.086E-06 0.38
343 0.6 0.00021424 3.0631E-06 0.39
344 0.6 0.00021574 3.0415E-06 0.4
345 0.6 0.00021828 3.0369E-06 0.41
346 0.6 0.00022041 3.0405E-06 0.42
347 0.6 0.00022213 3.0414E-06 0.43
348 0.6 0.00022398 3.0217E-06 0.44
349 0.6 0.00022608 3.0503E-06 0.45
350 0.6 0.00022804 3.0607E-06 0.46
351 0.6 0.00022954 3.016E-06 0.47
352 0.6 0.00023176 3.0153E-06 0.48
353 0.6 0.00023356 3.0089E-06 0.49
354 0.6 0.00023553 3.0576E-06 0.5
355 0.6 0.00023728 2.9997E-06 0.51
356 0.6 0.00023927 2.9994E-06 0.52
357 0.6 0.00024048 3.0012E-06 0.53
358 0.6 0.00024241 3.0236E-06 0.54
359 0.6 0.00024405 3.0012E-06 0.55
360 0.6 0.00024605 3.0236E-06 0.56
361 0.6 0.00024786 3.0217E-06 0.57
362 0.6 0.00024958 3.0115E-06 0.58
363 0.6 0.00025126 3.0031E-06 0.59
364 0.6 0.00025294 2.9933E-06 0.6
365 0.6 0.00025479 2.9888E-06 0.61
366 0.6 0.00025659 2.993E-06 0.62
367 0.6 0.00025818 2.9903E-06 0.63
368 0.6 0.00025995 3.0484E-06 0.64
369 0.6 0.00026142 2.994E-06 0.65
370 0.6 0.00026331 2.9928E-06 0.66
371 0.6 0.00026505 3.0003E-06 0.67
372 0.6 0.00026688 3.0012E-06 0.68
373 0.6 0.00026867 3.0228E-06 0.69
374 0.6 0.00027041 3.0023E-06 0.7
375 0.6 0.00027208 3.0164E-06 0.71
376 0.6 0.00027377 3.0035E-06 0.72
377 0.6 0.00027531 3.0193E-06 0.73
378 0.6 0.00027708 3.0088E-06 0.74
379 0.6 0.00027886 2.9935E-06 0.75
380 0.6 0.00028033 2.987E-06 0.76
381 0.6 0.00028173 3.0006E-06 0.77
382 0.6 0.00028396 3.051E-06 0.78
383 0.6 0.00028542 3.019E-06 0.79
384 0.6 0.00028796 3.1E-06 0.8
385 0.6 0.00028964 3.0336E-06 0.81
386 0.6 0.00029196 2.9808E-06 0.82
387 0.6 0.00029372 3.0096E-06 0.83
388 0.6 0.00029525 3.2651E-06 0.84
389 0.6 0.00029707 3.2554E-06 0.85
390 0.6 0.00029888 3.2648E-06 0.86
391 0.6 0.00030121 3.2667E-06 0.87
392 0.6 0.00030319 3.228E-06 0.88
393 0.6 0.00030451 3.0085E-06 0.89
394 0.6 0.00030638 3.0401E-06 0.9
395 0.6 0.00030775 3.0624E-06 0.91
396 0.6 0.00030923 3.021E-06 0.92
397 0.6 0.00031201 3.2722E-06 0.93
398 0.6 0.00031334 3.2747E-06 0.94
399 0.6 0.00031608 3.2676E-06 0.95
400 0.6 0.00031769 3.2697E-06 0.96
401 0.6 0.00032023 3.2661E-06 0.97
402 0.6 0.00032229 3.2708E-06 0.98
403 0.6 0.00032321 3.2048E-06 0.99
404 0.6 0.00032573 3.2436E-06 1
405 0.8 -1.2947E-06 7.1201E-06 0
406 0.8 2.087E-05 7.0835E-06 0.01
407 0.8 4.2487E-05 7.0343E-06 0.02
408 0.8 6.3636E-05 6.9854E-06 0.03
409 0.8 8.4201E-05 6.929E-06 0.04
410 0.8 0.000104402 6.8885E-06 0.05
411 0.8 0.00012387 6.8421E-06 0.06
412 0.8 0.00014288 6.8109E-06 0.07
413 0.8 0.000161 6.7707E-06 0.08
414 0.8 0.00017868 6.7472E-06 0.09
415 0.8 0.00019577 6.696E-06 0.1
416 0.8 0.00021215 6.6718E-06 0.11
417 0.8 0.00022758 6.6515E-06 0.12
418 0.8 0.00024248 6.6169E-06 0.13
419 0.8 0.0002567 6.5523E-06 0.14
420 0.8 0.00027029 6.5589E-06 0.15
421 0.8 0.00028331 6.5319E-06 0.16
422 0.8 0.00029573 6.4698E-06 0.17
423 0.8 0.00030746 6.4494E-06 0.18
424 0.8 0.00031837 6.4416E-06 0.19
425 0.8 0.00032877 6.4147E-06 0.2
426 0.8 0.00033863 6.3798E-06 0.21
427 0.8 0.00034811 6.3503E-06 0.22
428 0.8 0.00035675 6.3368E-06 0.23
429 0.8 0.00036535 6.3467E-06 0.24
430 0.8 0.00037278 6.3165E-06 0.25
431 0.8 0.00038045 6.2967E-06 0.26
432 0.8 0.00038733 6.2776E-06 0.27
433 0.8 0.00039391 6.2839E-06 0.28
434 0.8 0.00040095 6.2473E-06 0.29
435 0.8 0.00040633 6.2511E-06 0.3
436 0.8 0.00041169 6.2381E-06 0.31
437 0.8 0.00041601 6.2412E-06 0.32
438 0.8 0.00042206 6.2329E-06 0.33
439 0.8 0.00042682 6.2249E-06 0.34
440 0.8 0.00043198 6.1835E-06 0.35
441 0.8 0.00043683 6.1656E-06 0.36
442 0.8 0.00044087 6.1494E-06 0.37
443 0.8 0.00044463 6.1575E-06 0.38
444 0.8 0.00044868 6.1404E-06 0.39
445 0.8 0.00045244 6.1547E-06 0.4
446 0.8 0.00045625 6.1542E-06 0.41
447 0.8 0.00045937 6.1345E-06 0.42
448 0.8 0.00046367 6.1256E-06 0.43
449 0.8 0.00046617 6.125E-06 0.44
450 0.8 0.00047004 6.1189E-06 0.45
451 0.8 0.00047261 6.1006E-06 0.46
452 0.8 0.0004756 6.0702E-06 0.47
453 0.8 0.00047951 6.0709E-06 0.48
454 0.8 0.00048175 6.057E-06 0.49
455 0.8 0.00048439 6.0817E-06 0.5
456 0.8 0.00048707 6.0642E-06 0.51
457 0.8 0.00049015 6.0723E-06 0.52
458 0.8 0.00049254 6.0474E-06 0.53
459 0.8 0.00049522 6.0412E-06 0.54
460 0.8 0.00049795 6.044E-06 0.55
461 0.8 0.00050047 5.9705E-06 0.56
462 0.8 0.00050303 5.9922E-06 0.57
463 0.8 0.00050536 5.9965E-06 0.58
464 0.8 0.00050762 6.0003E-06 0.59
465 0.8 0.00051011 5.9972E-06 0.6
466 0.8 0.00051349 5.9922E-06 0.61
467 0.8 0.00051527 5.9885E-06 0.62
468 0.8 0.00051735 6.0466E-06 0.63
469 0.8 0.000519 6.0458E-06 0.64
470 0.8 0.00052155 6.0498E-06 0.65
471 0.8 0.00052333 6.0615E-06 0.66
472 0.8 0.0005258 6.0206E-06 0.67
473 0.8 0.00052777 5.99E-06 0.68
474 0.8 0.00053018 6.0242E-06 0.69
475 0.8 0.00053318 6.0377E-06 0.7
476 0.8 0.00053443 6.0808E-06 0.71
477 0.8 0.00053652 6.0559E-06 0.72
478 0.8 0.00053992 5.7089E-06 0.73
479 0.8 0.00054079 5.719E-06 0.74
480 0.8 0.00054368 5.7922E-06 0.75
481 0.8 0.00054656 5.7807E-06 0.76
482 0.8 0.00054874 6.1094E-06 0.77
483 0.8 0.00055005 5.9185E-06 0.78
484 0.8 0.00055087 6.1098E-06 0.79
485 0.8 0.00055304 6.1229E-06 0.8
486 0.8 0.0005568 6.1358E-06 0.81
487 0.8 0.00055772 6.1586E-06 0.82
488 0.8 0.00056043 5.8291E-06 0.83
489 0.8 0.00056219 5.8885E-06 0.84
490 0.8 0.00056383 5.902E-06 0.85
491 0.8 0.00056594 5.8562E-06 0.86
492 0.8 0.00056863 5.9311E-06 0.87
493 0.8 0.00057141 5.9119E-06 0.88
494 0.8 0.00057378 5.939E-06 0.89
495 0.8 0.00057487 6.1756E-06 0.9
496 0.8 0.00057698 6.1964E-06 0.91
497 0.8 0.00057894 6.2363E-06 0.92
498 0.8 0.00058158 6.2526E-06 0.93
499 0.8 0.00058347 6.3126E-06 0.94
500 0.8 0.00058502 6.3973E-06 0.95
501 0.8 0.00058783 6.093E-06 0.96
502 0.8 0.00058959 6.476E-06 0.97
503 0.8 0.00059258 6.3234E-06 0.98
504 0.8 0.00059464 6.4529E-06 0.99
505 0.8 0.00059596 6.417E-06 1
506 1 -3.0825E-06 1.5621E-05 0
507 1 2.5039E-05 1.5769E-05 0.01
508 1 5.2969E-05 1.5495E-05 0.02
509 1 8.0861E-05 1.5471E-05 0.03
510 1 0.000107954 1.5099E-05 0.04
511 1 0.00013493 1.4834E-05 0.05
512 1 0.00016094 1.508E-05 0.06
513 1 0.00018697 1.445E-05 0.07
514 1 0.00021183 1.4363E-05 0.08
515 1 0.00023639 1.4345E-05 0.09
516 1 0.00026025 1.4428E-05 0.1
517 1 0.0002834 1.4335E-05 0.11
518 1 0.00030565 1.4208E-05 0.12
519 1 0.00032763 1.4414E-05 0.13
520 1 0.00034852 1.4183E-05 0.14
521 1 0.0003688 1.382E-05 0.15
522 1 0.00038859 1.3693E-05 0.16
523 1 0.00040721 1.4093E-05 0.17
524 1 0.00042532 1.3536E-05 0.18
525 1 0.00044279 1.3845E-05 0.19
526 1 0.00045926 1.347E-05 0.2
527 1 0.00047503 1.3239E-05 0.21
528 1 0.00049025 1.3284E-05 0.22
529 1 0.00050491 1.3196E-05 0.23
530 1 0.00051873 1.3649E-05 0.24
531 1 0.00053196 1.3611E-05 0.25
532 1 0.00054466 1.306E-05 0.26
533 1 0.00055619 1.307E-05 0.27
534 1 0.00056804 1.2992E-05 0.28
535 1 0.00057905 1.3011E-05 0.29
536 1 0.00058771 1.2943E-05 0.3
537 1 0.0005976 1.3345E-05 0.31
538 1 0.00060687 1.2941E-05 0.32
539 1 0.00061706 1.2951E-05 0.33
540 1 0.00062532 1.2871E-05 0.34
541 1 0.00063253 1.289E-05 0.35
542 1 0.00064021 1.3279E-05 0.36
543 1 0.0006478 1.2768E-05 0.37
544 1 0.00065404 1.3268E-05 0.38
545 1 0.00066121 1.2872E-05 0.39
546 1 0.00066726 1.2864E-05 0.4
547 1 0.00067315 1.2845E-05 0.41
548 1 0.00067881 1.3253E-05 0.42
549 1 0.00068385 1.3014E-05 0.43
550 1 0.00068904 1.3181E-05 0.44
551 1 0.00069465 1.2604E-05 0.45
552 1 0.0006993 1.3175E-05 0.46
553 1 0.00070384 1.3056E-05 0.47
554 1 0.00070839 1.3068E-05 0.48
555 1 0.00071228 1.2643E-05 0.49
556 1 0.00071696 1.2761E-05 0.5
557 1 0.00072053 1.2992E-05 0.51
558 1 0.00072301 1.2533E-05 0.52
559 1 0.0007287 1.2757E-05 0.53
560 1 0.00073211 1.2872E-05 0.54
561 1 0.0007357 1.2521E-05 0.55
562 1 0.00073933 1.269E-05 0.56
563 1 0.00074194 1.2711E-05 0.57
564 1 0.00074569 1.2522E-05 0.58
565 1 0.00074848 1.2777E-05 0.59
566 1 0.00075193 1.3025E-05 0.6
567 1 0.00075571 1.2946E-05 0.61
568 1 0.00075725 1.2994E-05 0.62
569 1 0.00076003 1.3093E-05 0.63
570 1 0.00076347 1.3073E-05 0.64
571 1 0.00076588 1.3126E-05 0.65
572 1 0.00076865 1.2137E-05 0.66
573 1 0.00077276 1.2107E-05 0.67
574 1 0.00077424 1.2132E-05 0.68
575 1 0.00077674 1.2152E-05 0.69
576 1 0.00078054 1.2125E-05 0.7
577 1 0.00078238 1.2111E-05 0.71
578 1 0.0007833 1.241E-05 0.72
579 1 0.00078739 1.2099E-05 0.73
580 1 0.00079056 1.2217E-05 0.74
581 1 0.00079274 1.2161E-05 0.75
582 1 0.0007946 1.2218E-05 0.76
583 1 0.0007973 1.2185E-05 0.77
584 1 0.00079863 1.2425E-05 0.78
585 1 0.00080145 1.2879E-05 0.79
586 1 0.00080358 1.2241E-05 0.8
587 1 0.0008065 1.25E-05 0.81
588 1 0.00080836 1.2573E-05 0.82
589 1 0.00081106 1.2408E-05 0.83
590 1 0.00081313 1.3077E-05 0.84
591 1 0.00081517 1.2674E-05 0.85
592 1 0.00081753 1.2603E-05 0.86
593 1 0.00081932 1.3074E-05 0.87
594 1 0.00082173 1.2744E-05 0.88
595 1 0.00082414 1.2776E-05 0.89
596 1 0.00082611 1.3242E-05 0.9
597 1 0.00082844 1.2957E-05 0.91
598 1 0.00082988 1.3074E-05 0.92
599 1 0.00083125 1.3162E-05 0.93
600 1 0.00083314 1.3047E-05 0.94
601 1 0.0008358 1.3192E-05 0.95
602 1 0.00083734 1.3264E-05 0.96
603 1 0.00083974 1.3314E-05 0.97
604 1 0.00084131 1.3319E-05 0.98
605 1 0.00084479 1.3428E-05 0.99
606 1 0.00084632 1.3318E-05 1
