9
9
9
9
9
9
9
9
9
9
9
9
9
9
9
9
9
9
9
9
9
9
9
9
9
9
9
9
9
9
9
9
9
9
9
9
9
9
9
9
9
9
9
9
9
9
9
9
9
9
9
9
9
9
9
9
9
9
9
9
9
9
9
9
9
9
9
9
9
9
9
9
9
9
9
9
9
9
9
9
9
9
9
9
9
9
9
9
9
9
9
9
9
9
9
9
9
9
9
9
9
9
9
9
9
9
9
9
9
9
9
9
9
9
9
9
9
9
9
9
9
9
9
9
9
9
9
9
9
9
9
9
9
9
9
9
9
9
9
9
9
9
9
9
9
9
9
9
9
9
9
9
9
9
9
9
9
9
9
9
9
9
9
9
9
9
9
9
9
9
9
9
9
9
9
9
9
9
9
9
9
9
9
9
9
9
9
9
9
9
9
10
10
10
9
9
9
9
9
9
9
9
9
9
9
9
9
9
9
9
9
9
9
9
9
9
9
9
10
10
10
10
9
9
9
9
9
9
9
9
10
10
10
10
10
9
9
9
9
9
9
9
9
9
9
9
9
9
9
9
9
9
9
9
9
9
9
9
9
10
10
10
10
10
10
10
10
10
10
10
10
10
10
10
10
10
10
9
9
9
9
9
9
10
10
10
10
10
10
10
10
10
10
10
10
10
10
10
10
10
10
10
10
10
10
10
10
10
10
10
10
10
10
10
10
10
10
10
10
10
10
10
10
10
10
10
10
10
10
10
10
10
10
9
9
9
9
10
10
10
10
10
10
10
10
10
10
10
10
10
10
10
10
10
10
10
10
10
10
10
10
10
10
10
10
10
10
10
10
10
10
10
10
10
10
10
10
10
10
10
10
10
10
10
10
10
10
10
10
10
10
10
10
10
10
10
10
10
10
10
10
10
10
10
10
10
10
10
10
10
10
10
10
10
10
10
10
10
10
10
10
10
10
10
10
10
10
10
10
10
10
10
10
10
10
10
10
10
10
10
10
10
10
10
10
10
10
10
10
10
10
10
10
10
10
10
10
10
10
10
10
10
10
10
10
10
10
10
10
10
10
10
10
10
10
10
10
10
10
10
10
10
10
10
10
10
10
10
10
11
11
11
11
11
11
11
11
11
11
10
10
10
10
10
10
10
10
10
10
10
10
10
10
10
10
10
10
10
10
10
10
10
10
10
10
10
10
10
10
10
10
10
10
10
10
11
11
11
11
11
11
11
11
11
11
11
10
10
10
10
10
10
10
10
10
10
10
10
10
10
10
10
10
10
10
10
10
10
10
10
10
10
10
10
10
10
10
10
10
10
10
10
10
10
10
10
10
10
10
10
10
11
11
11
11
11
11
11
11
11
11
11
11
11
11
11
11
11
11
11
11
11
11
11
11
11
11
11
11
11
11
11
11
11
11
11
11
11
11
11
11
11
11
11
11
11
11
11
11
11
11
11
11
11
11
11
11
11
11
11
11
11
11
11
11
11
11
11
11
11
11
11
11
11
11
11
11
11
11
11
11
11
11
11
11
11
11
11
11
11
11
11
11
11
11
11
11
11
11
11
11
11
11
11
11
11
11
11
11
11
11
11
12
12
12
12
12
12
12
12
12
12
12
12
12
12
12
12
12
13
13
13
13
13
13
14
14
14
15
15
15
15
16
16
16
16
17
17
17
17
17
17
17
17
17
17
18
18
18
18
18
19
19
20
20
21
21
21
22
22
22
23
23
24
24
24
24
25
25
26
26
27
28
28
29
30
31
33
34
35
36
37
38
40
41
42
43
43
43
42
40
39
39
39
39
39
40
41
42
44
46
48
50
52
54
56
58
60
62
64
65
66
67
68
69
69
69
70
70
71
72
73
75
76
78
80
82
83
85
87
89
90
91
93
95
98
101
104
106
109
110
111
111
110
109
107
106
105
105
105
105
105
106
106
107
109
112
116
120
123
127
130
132
134
136
137
138
138
138
138
137
136
135
134
133
131
129
128
127
125
125
124
124
124
125
125
126
127
128
130
132
134
136
138
139
139
139
138
137
136
135
134
133
133
132
130
128
127
125
125
125
126
128
129
129
130
130
131
132
133
135
136
138
139
139
139
139
137
135
133
129
125
119
113
106
99
93
89
86
85
86
87
89
91
94
97
100
105
109
113
115
115
115
114
114
114
114
113
112
109
104
99
94
91
88
87
86
86
86
86
87
89
91
93
96
99
101
103
105
107
109
110
109
108
105
101
97
94
90
88
86
85
84
83
82
80
79
78
77
76
75
75
74
74
73
72
72
73
74
76
78
79
81
82
82
82
82
82
81
80
80
79
78
77
77
76
75
74
74
73
71
70
68
66
64
62
61
60
59
58
57
56
56
56
56
56
56
56
56
57
57
57
57
58
58
58
57
56
55
54
53
52
51
50
49
48
47
46
45
44
43
43
42
41
41
40
39
39
38
38
38
39
39
39
40
40
40
40
40
39
39
39
38
38
37
36
36
36
36
37
37
38
39
40
42
43
44
45
46
46
46
45
45
45
45
45
46
46
47
48
49
49
50
50
50
50
51
51
52
52
53
55
56
57
57
57
57
56
55
55
54
54
53
53
52
52
53
54
55
57
59
61
62
63
63
64
65
66
68
70
71
72
74
74
75
76
77
78
80
81
84
86
89
91
93
94
95
96
96
97
98
99
100
100
100
99
98
97
98
99
101
102
102
101
99
98
97
97
98
98
98
97
95
94
93
93
95
97
99
102
105
107
109
109
108
105
102
100
99
99
99
101
101
101
100
99
99
99
100
101
103
104
105
105
106
106
107
108
109
110
110
110
109
108
106
104
103
102
101
100
99
97
94
92
91
90
91
92
93
95
96
97
99
102
105
108
111
112
113
114
115
116
116
114
111
107
102
97
93
90
88
86
85
83
82
80
79
80
82
84
87
90
91
91
90
88
86
84
82
81
81
81
81
83
84
86
88
89
87
85
80
76
73
70
69
68
67
67
66
66
67
68
71
74
76
78
78
78
77
75
74
73
72
71
72
73
74
76
77
77
76
74
72
69
67
66
66
67
67
66
64
62
60
59
58
58
59
59
59
58
57
56
55
55
55
57
58
59
60
60
60
60
59
59
58
57
57
56
56
55
53
52
51
49
48
46
44
43
41
40
39
39
39
39
39
39
39
39
39
38
38
38
38
38
38
38
37
37
36
35
33
33
32
31
31
31
31
30
29
28
27
26
24
24
23
22
22
21
21
21
20
20
20
19
19
18
18
17
17
17
16
16
16
16
16
16
16
15
15
15
15
15
15
15
14
14
14
14
14
14
14
14
14
14
14
14
13
13
13
13
13
13
13
13
13
13
12
12
12
12
12
12
12
12
12
12
12
12
12
12
12
12
12
12
12
12
11
11
11
11
11
11
11
11
11
11
11
11
11
11
11
11
11
11
11
12
12
12
12
11
11
11
11
11
11
11
11
11
11
11
11
11
11
11
11
11
11
11
11
11
11
11
11
11
11
11
11
11
11
11
11
11
11
11
11
11
11
11
11
11
11
11
11
11
11
11
10
10
10
10
10
10
10
10
10
10
10
10
10
10
10
10
10
10
10
10
10
10
10
10
10
10
10
10
10
10
10
10
10
10
10
10
10
10
10
10
10
10
10
10
10
10
10
10
10
10
10
10
10
10
10
10
10
10
10
10
10
10
10
10
10
10
10
10
10
10
10
10
10
10
10
10
10
10
10
10
10
10
10
10
10
10
10
10
10
10
10
10
10
10
10
10
9
9
10
10
10
10
10
10
10
10
10
10
10
10
10
10
10
10
10
10
10
10
10
10
10
10
10
10
10
10
10
10
10
10
10
10
10
10
10
10
10
10
10
10
10
10
10
10
10
10
10
10
10
10
10
10
10
10
10
10
10
10
10
10
10
10
10
10
10
10
10
10
10
10
10
10
10
10
10
10
10
10
10
10
10
10
10
10
10
9
9
9
9
10
10
10
10
10
10
10
10
10
10
10
10
10
10
10
10
10
10
10
10
10
10
10
10
10
10
10
10
10
10
10
10
10
10
10
10
10
10
10
10
10
10
10
10
10
10
10
10
10
10
10
10
10
10
10
10
10
10
10
10
10
10
10
10
10
10
10
10
10
10
10
10
10
10
10
10
10
10
10
10
10
10
10
10
9
9
9
9
10
10
10
9
9
9
9
9
9
9
9
9
9
9
9
9
9
9
9
9
9
9
9
9
9
9
9
9
9
9
9
9
9
9
9
9
9
9
9
9
9
9
9
9
9
9
9
9
9
9
9
9
9
9
9
9
9
9
9
9
9
9
9
9
9
9
9
9
9
9
9
9
9
9
9
9
9
9
9
9
9
9
9
9
9
9
9
9
9
9
9
9
9
9
9
9
9
9
9
9
9
9
9
9
9
9
9
9
9
9
9
9
9
9
9
9
9
9
9
9
9
9
9
9
9
9
9
9
9
9
9
9
9
9
9
9
9
9
9
9
9
9
9
9
9
9
9
9
9
9
9
9
9
9
9
9
9
9
9
9
9
9
9
9
9
9
9
9
9
9
9
9
9
9
9
9
9
9
9
9
9
9
9
9
9
9
9
9
9
9
9
9
9
9
9
9
9
9
9
9
9
9
9
9
9
