#     BM23  -  E.S.R.F.  - Thu Dec 10 19:57:26 2015
#S 47 scan 8.8767 9.62357 462 1
#T 1 (Seconds)
# file name: /data/bm23/inhouse/Phelma_9591/Cu_foil_second_group.dat
# -------------------------------------------------------
# primary slit vertical aperture 0.3 mm
# monochromator:  Si (1 1 1) flat
# adopted d spacing  3.13467 Angstroems
# first crystal initial temperature -164.8 C
# harmonic rejection mirror: Si at 3.0 mrad
# experimental slit horizontal aperture 5 mm
# experimental slit vertical aperture 15 mm
# initial ring current 68.702 mA
# electrometer ranges for I0 - 1e-07 mA, I1 - 1e-07 mA (I2 - 3e-08 mA)
# -------------------------------------------------------
# EXAFS scan with optimized energy mesh
# parameter file name: /data/bm23/inhouse/Phelma_9591/acq.par
# scan parameter file name: /data/bm23/inhouse/Phelma_9591/CuKedge.par
# Energy limits  8.8767 - 9.62357 KeV
# Detuning = 0 Loeffen, Piezzo position: init=0, end=0
# acquisition time per scan point 1 s
# target I0 counts for feedback (type 0) init=0, end=0 counts/s, tif = 1, tiw = 0.2
# none
# -------------------------------------------------------
#N 15
#L E[keV]  alpha  I0  I1  I2  point_nb  qg1  T1  T2  E_enc[keV]  ref  log_i1_i2  S[cal1]  S[cal2]  elapseT
8.87670517 0.183837 4962259 4128952 3674099 1 6672.01 0 0 8.87346 0.116716 0.116716 1 1 1.3542
8.88169289 0.182064 4983811 4154247 3704031 2 6755.93 0 0 8.87831 0.114709 0.114709 1 1 3.39373
8.88670444 0.180087 4985420 4163810 3720156 3 6716.26 0 0 8.8833 0.112665 0.112665 1 1 5.23258
8.89170361 0.177971 4986150 4173242 3736864 4 6649.12 0 0 8.88829 0.110446 0.110446 1 1 7.37917
8.89670849 0.175896 4988237 4183662 3753319 5 6607.16 0 0 8.89332 0.108546 0.108546 1 1 9.47146
8.90170002 0.174078 4991278 4193828 3770326 6 6572.06 0 0 8.89828 0.106452 0.106452 1 1 11.3249
8.90669727 0.17232 4992575 4202301 3785624 7 6529.34 0 0 8.90329 0.104421 0.104421 1 1 13.4089
8.91170025 0.170196 4995710 4213878 3804130 8 6490.42 0 0 8.90829 0.102296 0.102296 1 1 15.2944
8.9167099 0.168388 4999225 4224474 3821514 9 6449.99 0 0 8.91333 0.100248 0.100248 1 1 17.4104
8.92170525 0.166601 4999596 4232346 3836463 10 6439.31 0 0 8.91829 0.0982056 0.0982056 1 1 19.5151
8.92670631 0.164893 5002366 4241930 3853125 11 6401.16 0 0 8.9233 0.0961338 0.0961338 1 1 21.6003
8.93169498 0.163285 4982316 4231725 3851423 12 6391.24 0 0 8.92827 0.094167 0.094167 1 1 23.4388
8.9367075 0.161735 4998414 4251984 3877695 13 6368.35 0 0 8.93328 0.0921448 0.0921448 1 1 25.5514
8.94170761 0.160535 4993320 4252749 3886550 14 6342.41 0 0 8.93823 0.0900437 0.0900437 1 1 27.3928
8.94669342 0.159678 4977471 4242885 3884866 15 6315.71 0 0 8.94322 0.088155 0.088155 1 1 29.4936
8.95113087 0.159061 5003214 4267462 3914421 16 6298.16 0 0 8.94766 0.0863518 0.0863518 1 1 31.3942
8.95442295 0.158956 5004525 4269028 3921283 17 6267.64 0 0 8.95095 0.0849673 0.0849673 1 1 33.1885
8.95656872 0.159072 5003978 4268067 3923736 18 6247.81 0 0 8.95306 0.0841168 0.0841168 1 1 35.088
8.95706654 0.159173 5005120 4268610 3925711 19 6246.28 0 0 8.95359 0.0837408 0.0837408 1 1 36.9309
8.95756435 0.15923 5004739 4268043 3925957 20 6259.25 0 0 8.95409 0.0835453 0.0835453 1 1 38.7818
8.95806313 0.159373 5004629 4267340 3926536 21 6246.28 0 0 8.95458 0.0832331 0.0832331 1 1 40.5781
8.9585619 0.159428 5004726 4267187 3927005 22 6240.18 0 0 8.95508 0.0830778 0.0830778 1 1 42.2415
8.95905972 0.159627 5005260 4266791 3928034 23 6211.95 0 0 8.95558 0.082723 0.082723 1 1 44.0345
8.95957756 0.159561 5004306 4266260 3927558 24 6237.13 0 0 8.95606 0.0827197 0.0827197 1 1 45.6238
8.96007538 0.159916 5005641 4265885 3928988 25 6226.44 0 0 8.95656 0.0822678 0.0822678 1 1 47.5118
8.96057415 0.160132 5005627 4264953 3929156 26 6231.02 0 0 8.95706 0.0820065 0.0820065 1 1 49.3698
8.96107292 0.160397 5005433 4263656 3928642 27 6233.31 0 0 8.95758 0.0818332 0.0818332 1 1 51.2344
8.96157169 0.160553 5005563 4263100 3928828 28 6224.16 0 0 8.95806 0.0816554 0.0816554 1 1 53.0356
8.96207047 0.160855 5005460 4261726 3928433 29 6222.63 0 0 8.95855 0.0814336 0.0814336 1 1 54.6372
8.96256924 0.16116 5005980 4260870 3929298 30 6208.13 0 0 8.95901 0.0810126 0.0810126 1 1 56.2299
8.96306801 0.161332 5005614 4259823 3928830 31 6231.02 0 0 8.95951 0.0808859 0.0808859 1 1 57.826
8.96356678 0.161707 5005321 4257980 3927616 32 6211.18 0 0 8.96003 0.0807622 0.0807622 1 1 59.6629
8.96406555 0.162004 5006974 4258120 3929083 33 6224.16 0 0 8.96053 0.0804217 0.0804217 1 1 61.3067
8.96456432 0.162521 5005523 4254686 3926978 34 6205.84 0 0 8.96103 0.0801508 0.0801508 1 1 63.1622
8.96506405 0.162946 5005757 4253077 3926572 35 6209.66 0 0 8.96154 0.0798759 0.0798759 1 1 65.0113
8.96556282 0.16358 5005080 4249806 3924475 36 6231.02 0 0 8.96204 0.0796407 0.0796407 1 1 66.6063
8.96606159 0.164047 5005600 4248263 3924317 37 6203.56 0 0 8.96254 0.0793179 0.0793179 1 1 68.4599
8.96656132 0.164813 5006215 4245534 3922303 38 6203.56 0 0 8.963 0.0791886 0.0791886 1 1 70.0709
8.96706009 0.165469 5006061 4242616 3920495 39 6205.08 0 0 8.96351 0.0789621 0.0789621 1 1 71.6593
8.96755981 0.166272 5005219 4238499 3917560 40 6196.69 0 0 8.96402 0.0787402 0.0787402 1 1 73.5028
8.96805954 0.167005 5006417 4236407 3916283 41 6186.01 0 0 8.96453 0.0785725 0.0785725 1 1 75.0899
8.96855927 0.167948 5005498 4231635 3913902 42 6190.59 0 0 8.96504 0.0780536 0.0780536 1 1 76.9352
8.96905804 0.168962 5006092 4227850 3910862 43 6192.11 0 0 8.96551 0.0779358 0.0779358 1 1 78.5277
8.96955872 0.170121 5005804 4222709 3907065 44 6193.64 0 0 8.966 0.0776904 0.0776904 1 1 80.3715
8.97007656 0.171445 5005619 4216966 3902682 45 6173.8 0 0 8.96652 0.0774519 0.0774519 1 1 81.9657
8.97057724 0.173033 5006041 4210631 3898166 46 6168.46 0 0 8.96703 0.0771063 0.0771063 1 1 83.8013
8.97107601 0.174761 5005739 4203108 3891644 47 6173.04 0 0 8.96754 0.0769926 0.0769926 1 1 85.4578
8.97157574 0.176683 5006068 4195312 3885126 48 6178.38 0 0 8.96806 0.0768123 0.0768123 1 1 87.2412
8.97207642 0.178927 5005186 4185173 3876811 49 6183.72 0 0 8.96856 0.0765351 0.0765351 1 1 88.8913
8.97257614 0.181619 5004803 4173599 3867227 50 6179.14 0 0 8.96906 0.076241 0.076241 1 1 90.7327
8.97307587 0.184714 5005065 4160920 3856622 51 6182.19 0 0 8.96954 0.0759445 0.0759445 1 1 92.5753
8.97357559 0.188471 5004697 4145013 3842828 52 6169.22 0 0 8.97003 0.0756974 0.0756974 1 1 94.18
8.97407627 0.193115 5004658 4125775 3825824 53 6179.9 0 0 8.97053 0.07548 0.07548 1 1 96.0173
8.974576 0.198615 5004443 4102972 3805230 54 6153.96 0 0 8.97105 0.0753351 0.0753351 1 1 97.855
8.97507668 0.205578 5004181 4074286 3778898 55 6159.3 0 0 8.97155 0.0752631 0.0752631 1 1 99.4484
8.9755764 0.214973 5003917 4035977 3745158 56 6145.57 0 0 8.97206 0.0747846 0.0747846 1 1 101.292
8.97607708 0.227176 5004590 3987560 3701206 57 6157.78 0 0 8.97252 0.0745208 0.0745208 1 1 102.885
8.97657776 0.24462 5004034 3918168 3636278 58 6147.1 0 0 8.97303 0.0746636 0.0746636 1 1 104.739
8.97705841 0.269092 5003719 3823208 3550132 59 6124.97 0 0 8.97349 0.0741051 0.0741051 1 1 106.344
8.97755909 0.310526 5003809 3668097 3406499 60 6133.36 0 0 8.97401 0.0739879 0.0739879 1 1 108.206
8.97805977 0.383143 5003592 3411025 3168349 61 6130.31 0 0 8.97452 0.0738022 0.0738022 1 1 110.049
8.97856045 0.503203 5003361 3024987 2809846 62 6142.52 0 0 8.97502 0.0737771 0.0737771 1 1 111.891
8.97906113 0.667215 5003139 2567289 2385049 63 6131.84 0 0 8.97552 0.0736308 0.0736308 1 1 113.748
8.97956181 0.827081 5002889 2187884 2032582 64 6129.55 0 0 8.97601 0.0736279 0.0736279 1 1 115.34
8.98006248 0.938032 5002161 1957832 1819325 65 6120.39 0 0 8.97651 0.0733722 0.0733722 1 1 117.19
8.98056316 0.993452 5001705 1852112 1721043 66 6128.02 0 0 8.977 0.0733961 0.0733961 1 1 119.027
8.9810648 1.01169 5000232 1818096 1690026 67 6114.29 0 0 8.9775 0.0730459 0.0730459 1 1 120.617
8.98156452 1.00521 4999396 1829622 1701107 68 6099.03 0 0 8.978 0.0728302 0.0728302 1 1 122.469
8.98206615 0.985213 4999146 1866480 1736239 69 6140.99 0 0 8.97852 0.072333 0.072333 1 1 124.062
8.98256683 0.965754 4998309 1902836 1770678 70 6116.58 0 0 8.97901 0.0719829 0.0719829 1 1 125.663
8.98306847 0.959194 4998071 1915269 1782528 71 6129.55 0 0 8.97949 0.0718255 0.0718255 1 1 127.259
8.98356915 0.973334 4999320 1888850 1758675 72 6100.56 0 0 8.97998 0.0714075 0.0714075 1 1 129.103
8.98407078 1.00485 4997836 1829701 1704079 73 6108.95 0 0 8.98048 0.0711278 0.0711278 1 1 130.699
8.98457241 1.04471 4998798 1758554 1637934 74 6106.66 0 0 8.981 0.0710562 0.0710562 1 1 132.543
8.98507309 1.08197 4997998 1693953 1578127 75 6095.98 0 0 8.98151 0.0708261 0.0708261 1 1 134.136
8.98557472 1.11579 4998447 1637769 1526356 76 6086.82 0 0 8.98201 0.0704517 0.0704517 1 1 135.982
8.98607635 1.14882 4998052 1584433 1477042 77 6095.22 0 0 8.98251 0.0701852 0.0701852 1 1 137.57
8.98655891 1.1849 4997532 1528123 1424514 78 6098.27 0 0 8.983 0.0702095 0.0702095 1 1 139.416
8.98706055 1.22812 4998053 1463647 1365291 79 6087.59 0 0 8.9835 0.0695636 0.0695636 1 1 141.061
8.98756123 1.28005 4997295 1389366 1296045 80 6053.25 0 0 8.98399 0.0695302 0.0695302 1 1 142.924
8.98806381 1.33996 4996381 1308335 1220608 81 6059.36 0 0 8.98449 0.0694062 0.0694062 1 1 144.705
8.98856544 1.40593 4997001 1224961 1143075 82 6086.82 0 0 8.98502 0.069187 0.069187 1 1 146.298
8.98906708 1.48149 4996928 1135799 1059988 83 6048.68 0 0 8.98554 0.0690787 0.0690787 1 1 148.143
8.98956871 1.56205 4997136 1047923 978135 84 6074.62 0 0 8.98602 0.0689177 0.0689177 1 1 149.782
8.9900713 1.64542 4996180 963920 899801 85 6051.73 0 0 8.98651 0.0688346 0.0688346 1 1 151.635
8.99057293 1.72516 4996371 890074 831042 86 6041.05 0 0 8.987 0.0686242 0.0686242 1 1 153.473
8.99107552 1.80164 4996198 824511 770061 87 6050.2 0 0 8.9875 0.0683207 0.0683207 1 1 155.318
8.99157715 1.86966 4995962 770257 719321 88 6047.15 0 0 8.98802 0.0684165 0.0684165 1 1 157.154
8.99205971 1.9247 4995353 728921 681047 89 6065.46 0 0 8.98853 0.067934 0.067934 1 1 158.752
8.99256229 1.9686 4996045 697705 652010 90 6031.13 0 0 8.98903 0.0677364 0.0677364 1 1 160.585
8.99306393 1.99384 4995143 680196 635712 91 6041.81 0 0 8.98952 0.0676353 0.0676353 1 1 162.184
8.99356651 2.00065 4994970 675554 631723 92 6036.47 0 0 8.99002 0.067082 0.067082 1 1 164.033
8.9940691 1.99058 4994490 682325 638173 93 6039.52 0 0 8.99051 0.0668966 0.0668966 1 1 165.641
8.99457169 1.96887 4994063 697242 652377 94 6018.16 0 0 8.99101 0.0665099 0.0665099 1 1 167.488
8.99507427 1.94158 4993201 716408 670586 95 6037.23 0 0 8.99152 0.0660978 0.0660978 1 1 169.08
8.9955759 1.91125 4992609 738385 691473 96 6028.84 0 0 8.99204 0.0656412 0.0656412 1 1 170.992
8.99605942 1.88383 4991669 758769 710447 97 6026.55 0 0 8.99253 0.065803 0.065803 1 1 172.551
8.996562 1.85781 4991579 778757 729655 98 6027.31 0 0 8.99302 0.0651272 0.0651272 1 1 174.146
8.99706554 1.83591 4990663 795854 745659 99 6012.82 0 0 8.9935 0.0651473 0.0651473 1 1 175.984
8.99756813 1.82126 4990604 807586 756691 100 6002.14 0 0 8.99399 0.0650945 0.0650945 1 1 177.578
8.99807072 1.81408 4989146 813173 762158 101 6008.24 0 0 8.99449 0.06479 0.06479 1 1 179.472
8.9985733 1.81657 4989841 811259 760874 102 6001.37 0 0 8.99502 0.0641195 0.0641195 1 1 181.31
8.99909592 1.82843 4989781 801689 751846 103 6002.14 0 0 8.99554 0.0641892 0.0641892 1 1 182.928
8.99961853 1.85151 4989401 783334 734960 104 5979.25 0 0 8.99606 0.0637431 0.0637431 1 1 184.727
9.00014114 1.88389 4989219 758346 711566 105 5996.8 0 0 8.99658 0.0636715 0.0636715 1 1 186.389
9.0006628 1.92295 4988745 729229 684232 106 5994.51 0 0 8.99711 0.0636907 0.0636907 1 1 188.183
9.00120544 1.96363 4989400 700255 657376 107 5995.27 0 0 8.99763 0.0631884 0.0631884 1 1 189.777
9.00176716 2.00006 4989463 675207 633709 108 5982.3 0 0 8.99819 0.0634294 0.0634294 1 1 191.621
9.00230885 2.02167 4991306 661020 620727 109 5983.83 0 0 8.99873 0.0628927 0.0628927 1 1 193.21
9.00287056 2.02568 4990845 658311 618465 110 5977.72 0 0 8.99932 0.0624368 0.0624368 1 1 195.104
9.00345135 2.01189 4991311 667518 627175 111 5969.33 0 0 8.99988 0.0623407 0.0623407 1 1 196.943
9.00401211 1.98557 4990734 685238 643909 112 5960.94 0 0 9.00042 0.0622088 0.0622088 1 1 198.564
9.00459385 1.95211 4991306 708633 666399 113 5960.94 0 0 9.00099 0.0614491 0.0614491 1 1 200.365
9.00519371 1.91694 4990637 733903 690048 114 5961.7 0 0 9.00161 0.0616157 0.0616157 1 1 201.966
9.00579453 1.88518 4991974 757791 713046 115 5942.63 0 0 9.00223 0.0608616 0.0608616 1 1 203.822
9.00639534 1.85968 4991283 777252 731197 116 5968.57 0 0 9.00283 0.0610817 0.0610817 1 1 205.419
9.00699615 1.83788 4991883 794482 748135 117 5958.65 0 0 9.00344 0.0601068 0.0601068 1 1 207.263
9.00761604 1.81769 4992337 810759 763430 118 5928.89 0 0 9.00406 0.0601494 0.0601494 1 1 208.904
9.00823689 1.7963 4992278 828280 779970 119 5935.76 0 0 9.00468 0.0600958 0.0600958 1 1 210.747
9.0088768 1.7748 4992477 846312 797193 120 5960.17 0 0 9.0053 0.0597912 0.0597912 1 1 212.331
9.00949669 1.75674 4991419 861552 811784 121 5936.52 0 0 9.00595 0.0595011 0.0595011 1 1 214.169
9.01015663 1.74242 4992046 874092 824038 122 5935.76 0 0 9.00661 0.058969 0.058969 1 1 215.808
9.01079655 1.73583 4991882 879835 829659 123 5941.1 0 0 9.00722 0.0587196 0.0587196 1 1 217.639
9.01145649 1.73484 4992157 880762 830827 124 5950.26 0 0 9.00787 0.0583658 0.0583658 1 1 219.239
9.01211548 1.73781 4992347 878182 828625 125 5938.81 0 0 9.00853 0.0580861 0.0580861 1 1 221.104
9.01279449 1.74277 4992203 873808 824636 126 5912.87 0 0 9.00925 0.0579186 0.0579186 1 1 222.967
9.01347351 1.74968 4992474 867835 819129 127 5938.05 0 0 9.00991 0.05776 0.05776 1 1 224.77
9.01415348 1.75852 4992983 860290 812311 128 5922.03 0 0 9.0106 0.0573862 0.0573862 1 1 226.37
9.01485252 1.77006 4993602 850525 803349 129 5908.29 0 0 9.0113 0.0570645 0.0570645 1 1 228.227
9.01555061 1.78462 4993574 838222 791898 130 5922.03 0 0 9.01196 0.0568504 0.0568504 1 1 229.811
9.01625061 1.80166 4994253 824178 778910 131 5916.69 0 0 9.01268 0.056491 0.056491 1 1 231.659
9.01696873 1.82152 4995037 808096 763858 132 5922.03 0 0 9.01341 0.0562989 0.0562989 1 1 233.243
9.0176878 1.84349 4994961 790521 747338 133 5923.55 0 0 9.01411 0.0561746 0.0561746 1 1 234.883
9.01840687 1.86495 4995082 773760 731794 134 5904.48 0 0 9.01479 0.0557627 0.0557627 1 1 236.721
9.01914501 1.88747 4994732 756477 715827 135 5911.35 0 0 9.01553 0.0552336 0.0552336 1 1 238.314
9.01988316 1.90768 4995236 741412 701855 136 5912.11 0 0 9.0163 0.0548296 0.0548296 1 1 240.157
9.02062225 1.92778 4994864 726604 687930 137 5903.72 0 0 9.01703 0.0546945 0.0546945 1 1 241.756
9.02138138 1.94795 4995278 712155 674499 138 5874.72 0 0 9.01779 0.0543254 0.0543254 1 1 243.606
9.0221386 1.96779 4995551 698205 661528 139 5888.46 0 0 9.01852 0.0539604 0.0539604 1 1 245.201
9.02289772 1.98619 4995924 685528 649662 140 5877.01 0 0 9.01929 0.0537371 0.0537371 1 1 247.069
9.02367592 2.0022 4994072 674388 639275 141 5881.59 0 0 9.02008 0.0534709 0.0534709 1 1 248.662
9.02445412 2.01336 4993700 666854 632379 142 5887.69 0 0 9.02087 0.0530822 0.0530822 1 1 250.497
9.02525139 2.01745 4978569 662119 628124 143 5893.03 0 0 9.02164 0.0527077 0.0527077 1 1 252.083
9.02604961 2.01266 4957833 662530 628629 144 5872.43 0 0 9.02243 0.0525245 0.0525245 1 1 253.932
9.02684784 2.00016 4963222 671593 637543 145 5867.09 0 0 9.02325 0.0520307 0.0520307 1 1 255.533
9.02764606 1.98081 4987906 688119 653435 146 5839.63 0 0 9.02406 0.0517187 0.0517187 1 1 257.368
9.02846432 1.95762 4993246 705019 669919 147 5851.83 0 0 9.02488 0.0510679 0.0510679 1 1 258.981
9.02928257 1.93214 4993978 723318 687447 148 5849.55 0 0 9.02569 0.0508642 0.0508642 1 1 260.83
9.0301199 1.90574 4993939 742658 706024 149 5843.44 0 0 9.02653 0.0505864 0.0505864 1 1 262.426
9.03095818 1.88011 4993854 761927 724664 150 5843.44 0 0 9.02739 0.0501426 0.0501426 1 1 264.271
9.0317955 1.85721 4993294 779493 741453 151 5835.05 0 0 9.02821 0.0500319 0.0500319 1 1 265.885
9.03263378 1.83855 4992798 794095 755690 152 5841.92 0 0 9.02902 0.0495718 0.0495718 1 1 267.733
9.03349113 1.82414 4992033 805498 766774 153 5819.79 0 0 9.0299 0.0492686 0.0492686 1 1 269.349
9.03436852 1.81299 4992505 814602 776000 154 5799.19 0 0 9.03079 0.0485471 0.0485471 1 1 271.213
9.03522682 1.80621 4991978 820059 781335 155 5831.24 0 0 9.03164 0.0483723 0.0483723 1 1 273.023
9.03610516 1.80256 4991593 822998 784477 156 5819.03 0 0 9.0325 0.0479365 0.0479365 1 1 274.612
9.03698349 1.8023 4991143 823136 784890 157 5811.4 0 0 9.03337 0.0475778 0.0475778 1 1 276.468
9.0378809 1.80519 4991778 820864 782881 158 5819.79 0 0 9.03429 0.0473767 0.0473767 1 1 278.067
9.03877831 1.81097 4991570 816100 778721 159 5812.16 0 0 9.03517 0.046884 0.046884 1 1 279.952
9.03967667 1.81775 4991833 810629 773689 160 5783.17 0 0 9.03603 0.0466405 0.0466405 1 1 281.74
9.0405941 1.82479 4992740 805084 768780 161 5799.19 0 0 9.03698 0.0461417 0.0461417 1 1 283.377
9.04151249 1.82983 4993638 801184 765477 162 5790.8 0 0 9.03791 0.0455914 0.0455914 1 1 285.237
9.04243088 1.83178 4994770 799804 764218 163 5781.64 0 0 9.03882 0.0455136 0.0455136 1 1 287.022
9.04336834 1.83028 4995460 801118 765898 164 5775.54 0 0 9.03974 0.0449592 0.0449592 1 1 288.668
9.04430676 1.82719 4995457 803591 768529 165 5757.99 0 0 9.04069 0.0446121 0.0446121 1 1 290.51
9.04524517 1.82458 4995277 805666 770865 166 5757.99 0 0 9.04164 0.044156 0.044156 1 1 292.096
9.04620266 1.82512 4994708 805136 770377 167 5774.01 0 0 9.04257 0.0441312 0.0441312 1 1 293.941
9.0471611 1.82946 4995997 801858 767826 168 5749.6 0 0 9.04352 0.0433684 0.0433684 1 1 295.536
9.04811954 1.83712 4995399 795644 762134 169 5751.13 0 0 9.04453 0.0430294 0.0430294 1 1 297.373
9.04909801 1.84622 4995362 788428 755465 170 5723.66 0 0 9.0455 0.0427076 0.0427076 1 1 298.968
9.05007648 1.85385 4995650 782482 749964 171 5725.95 0 0 9.04648 0.0424457 0.0424457 1 1 300.816
9.05105495 1.85877 4995872 778674 746551 172 5720.61 0 0 9.04745 0.0421285 0.0421285 1 1 302.406
9.05205345 1.86011 4995635 777595 745882 173 5721.37 0 0 9.04847 0.0416384 0.0416384 1 1 304.294
9.05305195 1.85995 4995255 777666 746350 174 5685.51 0 0 9.04944 0.0411024 0.0411024 1 1 306.142
9.0540514 1.86047 4995052 777226 746365 175 5674.07 0 0 9.05043 0.0405164 0.0405164 1 1 307.977
9.05506992 1.86301 4994883 775232 744621 176 5703.06 0 0 9.05147 0.0402869 0.0402869 1 1 309.57
9.05608845 1.86937 4993083 770037 739821 177 5686.27 0 0 9.05249 0.0400303 0.0400303 1 1 311.419
9.05712795 1.87904 4993116 762631 733203 178 5676.36 0 0 9.05354 0.0393517 0.0393517 1 1 313.007
9.05814648 1.8902 4992187 754029 725053 179 5670.25 0 0 9.05454 0.039186 0.039186 1 1 314.843
9.05918598 1.90146 4989999 745259 716882 180 5645.08 0 0 9.0556 0.0388205 0.0388205 1 1 316.488
9.06024551 1.91155 4967958 734519 706989 181 5654.23 0 0 9.05663 0.0382007 0.0382007 1 1 318.335
9.06130505 1.91981 4924972 722172 695351 182 5659.57 0 0 9.05768 0.0378466 0.0378466 1 1 320.118
9.06236458 1.92708 4962209 722364 696118 183 5662.62 0 0 9.05878 0.03701 0.03701 1 1 321.754
9.06342411 1.93321 4987855 721656 695578 184 5638.97 0 0 9.05984 0.0368054 0.0368054 1 1 323.34
9.06450367 1.93953 4990953 717556 691638 185 5629.82 0 0 9.0609 0.0367883 0.0367883 1 1 325.212
9.06558418 1.94758 4991795 711925 686596 186 5613.03 0 0 9.062 0.0362265 0.0362265 1 1 326.795
9.0666647 1.95736 4991964 705021 680413 187 5609.22 0 0 9.06309 0.0355276 0.0355276 1 1 328.631
9.06776524 1.96844 4992924 697387 673377 188 5604.64 0 0 9.06417 0.0350351 0.0350351 1 1 330.274
9.06886578 1.98034 4992879 689128 665681 189 5602.35 0 0 9.06529 0.0346164 0.0346164 1 1 331.875
9.06998539 1.99002 4993970 682642 659591 190 5593.19 0 0 9.06642 0.0343506 0.0343506 1 1 333.72
9.07108688 1.9968 4994010 678033 655434 191 5580.22 0 0 9.06753 0.0338983 0.0338983 1 1 335.563
9.07220745 1.9982 4995014 677220 654938 192 5566.49 0 0 9.06863 0.0334556 0.0334556 1 1 337.151
9.073349 1.99352 4993528 680196 658156 193 5564.97 0 0 9.0698 0.032939 0.032939 1 1 338.996
9.07449055 1.98369 4993518 686911 665042 194 5568.78 0 0 9.0709 0.0323545 0.0323545 1 1 340.589
9.07563114 1.96848 4991404 697142 675447 195 5547.42 0 0 9.07205 0.0316144 0.0316144 1 1 342.43
9.07677364 1.95044 4985887 709048 687011 196 5552.76 0 0 9.0732 0.0315729 0.0315729 1 1 344.026
9.07793522 1.92864 4927817 716234 694460 197 5523 0 0 9.07437 0.0308723 0.0308723 1 1 345.923
9.07909775 1.9102 4885632 723320 701480 198 5538.26 0 0 9.07551 0.0306593 0.0306593 1 1 347.756
9.08025932 1.89053 4997318 754550 732046 199 5532.92 0 0 9.0767 0.0302782 0.0302782 1 1 349.356
9.08144283 1.87328 4997284 767679 745162 200 5516.9 0 0 9.07785 0.02977 0.02977 1 1 351.188
9.08262444 1.85717 4995468 779862 757447 201 5525.29 0 0 9.07904 0.0291634 0.0291634 1 1 352.787
9.08382797 1.84204 4994317 791564 769114 202 5500.88 0 0 9.08026 0.0287715 0.0287715 1 1 354.638
9.08501148 1.82942 4991537 801174 778662 203 5496.3 0 0 9.08145 0.0285011 0.0285011 1 1 356.219
9.08621502 1.81884 4981661 808096 785769 204 5487.91 0 0 9.08264 0.028018 0.028018 1 1 358.137
9.08743763 1.81338 4874863 795097 773612 205 5471.12 0 0 9.08391 0.0273936 0.0273936 1 1 359.932
9.08866215 1.80817 4990807 818264 796430 206 5477.99 0 0 9.0851 0.0270458 0.0270458 1 1 361.548
9.08988667 1.79934 4998570 826806 805242 207 5462.73 0 0 9.08634 0.0264272 0.0264272 1 1 363.407
9.09111118 1.78711 4997069 836725 815098 208 5458.92 0 0 9.08757 0.0261871 0.0261871 1 1 364.99
9.09235573 1.77131 4996151 849897 828429 209 5460.44 0 0 9.08881 0.025584 0.025584 1 1 366.836
9.09360123 1.75475 4996142 864082 842838 210 5444.42 0 0 9.09004 0.0248929 0.0248929 1 1 368.436
9.09484577 1.73901 4995888 877747 856202 211 5426.11 0 0 9.0913 0.0248521 0.0248521 1 1 370.285
9.0961113 1.72623 4994674 888820 867878 212 5432.21 0 0 9.09253 0.0238436 0.0238436 1 1 371.87
9.09737778 1.7184 4993456 895587 874657 213 5411.61 0 0 9.09381 0.0236475 0.0236475 1 1 373.724
9.0986433 1.71622 4992763 897416 877134 214 5442.89 0 0 9.09508 0.0228597 0.0228597 1 1 375.331
9.09992981 1.71946 4991735 894333 874435 215 5419.24 0 0 9.09634 0.0225002 0.0225002 1 1 377.179
9.10121632 1.72744 4990795 887055 868043 216 5426.87 0 0 9.09765 0.0216657 0.0216657 1 1 378.774
9.10250378 1.73906 4987093 876155 857591 217 5422.29 0 0 9.09891 0.0214157 0.0214157 1 1 380.616
9.10381031 1.75322 4974195 861605 843678 218 5401.69 0 0 9.10021 0.021026 0.021026 1 1 382.209
9.1051178 1.77042 4883486 831470 814530 219 5435.26 0 0 9.10155 0.0205839 0.0205839 1 1 384.061
9.10642719 1.78586 4989216 836454 819636 220 5406.27 0 0 9.10285 0.0203112 0.0203112 1 1 385.66
9.10775471 1.80006 4989576 824718 808693 221 5410.85 0 0 9.10417 0.0196221 0.0196221 1 1 387.502
9.10908318 1.81207 4987616 814555 799056 222 5394.06 0 0 9.10553 0.0192109 0.0192109 1 1 389.087
9.1104126 1.82177 4985178 806302 791585 223 5392.54 0 0 9.10682 0.0184211 0.0184211 1 1 390.753
9.11176205 1.82878 4981426 800063 785562 224 5375.75 0 0 9.10819 0.0182911 0.0182911 1 1 392.544
9.1131115 1.832 4942212 791210 777590 225 5368.89 0 0 9.10955 0.017364 0.017364 1 1 394.152
9.1144619 1.83466 4876998 778699 765764 226 5355.15 0 0 9.11087 0.0167505 0.0167505 1 1 395.993
9.11583233 1.83258 4989842 798374 785265 227 5373.46 0 0 9.11227 0.0165559 0.0165559 1 1 397.583
9.11720276 1.8316 4988884 799002 786373 228 5353.63 0 0 9.11361 0.0159322 0.0159322 1 1 399.425
9.11857414 1.83262 4988083 798060 785894 229 5353.63 0 0 9.11499 0.0153618 0.0153618 1 1 401.075
9.11996555 1.83715 4987276 794328 782529 230 5346 0 0 9.11638 0.0149655 0.0149655 1 1 402.922
9.12133789 1.84706 4987081 786463 775187 231 5311.67 0 0 9.11774 0.0144414 0.0144414 1 1 404.766
9.12275028 1.86339 4986628 773653 762971 232 5310.9 0 0 9.11918 0.0139034 0.0139034 1 1 406.357
9.12414265 1.88484 4986687 757245 747030 233 5296.41 0 0 9.12056 0.0135815 0.0135815 1 1 408.204
9.12555599 1.91067 4987149 738002 728769 234 5312.43 0 0 9.12197 0.0125897 0.0125897 1 1 409.801
9.12696934 1.93599 4987968 719669 710902 235 5271.23 0 0 9.1234 0.0122568 0.0122568 1 1 411.655
9.12840366 1.95675 4986780 704717 696670 236 5300.22 0 0 9.12484 0.0114845 0.0114845 1 1 413.51
9.12981796 1.96855 4932538 688873 681364 237 5275.81 0 0 9.12626 0.0109602 0.0109602 1 1 415.344
9.13127327 1.97552 4918680 682169 675311 238 5249.87 0 0 9.12769 0.0101041 0.0101041 1 1 417.187
9.13270855 1.97603 4950866 686278 679556 239 5278.1 0 0 9.12913 0.00984314 0.00984314 1 1 418.772
9.13416481 1.97017 4987444 695416 688716 240 5268.18 0 0 9.1306 0.00968123 0.00968123 1 1 420.611
9.13562107 1.96224 4990004 701313 695195 241 5253.68 0 0 9.13202 0.0087619 0.0087619 1 1 422.204
9.13707733 1.95193 4990375 708632 702740 242 5246.81 0 0 9.13349 0.00834937 0.00834937 1 1 424.052
9.13855362 1.94029 4989971 716869 711288 243 5255.97 0 0 9.13493 0.0078157 0.0078157 1 1 425.636
9.14003181 1.92567 4990948 727571 722266 244 5230.79 0 0 9.1364 0.00731809 0.00731809 1 1 427.292
9.14153004 1.90785 4991736 740767 735910 245 5239.95 0 0 9.13793 0.0065783 0.0065783 1 1 429.086
9.14300823 1.88713 4992075 756332 751756 246 5218.59 0 0 9.13939 0.00606863 0.00606863 1 1 430.726
9.14450741 1.86364 4992951 774442 770249 247 5217.82 0 0 9.14092 0.00542893 0.00542893 1 1 432.575
9.14602757 1.83743 4993687 795121 791344 248 5208.67 0 0 9.14241 0.00476154 0.00476154 1 1 434.358
9.14752769 1.81052 4994992 817024 813407 249 5207.9 0 0 9.14393 0.00443687 0.00443687 1 1 436.013
9.14904881 1.78262 4996863 840460 837316 250 5191.88 0 0 9.14546 0.00374782 0.00374782 1 1 437.856
9.15056992 1.75446 4997557 864582 861929 251 5176.62 0 0 9.14697 0.00307325 0.00307325 1 1 439.437
9.15211105 1.72643 4999297 889464 886960 252 5193.41 0 0 9.14854 0.00281915 0.00281915 1 1 441.289
9.15365314 1.70045 4999669 912949 910974 253 5191.12 0 0 9.15004 0.00216566 0.00216566 1 1 442.88
9.15519714 1.67797 5001492 934041 932633 254 5170.52 0 0 9.15161 0.00150856 0.00150856 1 1 444.743
9.15676022 1.66148 5001739 949622 949099 255 5162.89 0 0 9.15316 0.000550897 0.000550897 1 1 446.584
9.15830326 1.65179 5002766 959062 958864 256 5156.79 0 0 9.15469 0.000206473 0.000206473 1 1 448.44
9.15988827 1.65037 5003473 960565 960952 257 5125.51 0 0 9.15628 -0.000402807 -0.000402807 1 1 450.284
9.16145325 1.65687 5003900 954418 955109 258 5132.37 0 0 9.15782 -0.000723739 -0.000723739 1 1 452.121
9.16303825 1.67008 5004302 941967 943310 259 5117.11 0 0 9.15944 -0.00142472 -0.00142472 1 1 453.722
9.16462517 1.68906 5004316 924263 926012 260 5082.02 0 0 9.16102 -0.00189053 -0.00189053 1 1 455.582
9.16621208 1.71125 5005005 904099 906311 261 5104.91 0 0 9.16264 -0.00244365 -0.00244365 1 1 457.446
9.16781998 1.73361 4979499 879606 882445 262 5069.81 0 0 9.1642 -0.00322238 -0.00322238 1 1 459.235
9.16942692 1.75379 4983711 862760 866130 263 5058.37 0 0 9.16585 -0.00389846 -0.00389846 1 1 460.826
9.17105579 1.76954 5003396 852633 856179 264 5044.63 0 0 9.16749 -0.00415026 -0.00415026 1 1 462.673
9.17266464 1.78135 5004665 842839 847416 265 5036.24 0 0 9.16909 -0.00541576 -0.00541576 1 1 464.267
9.17429543 1.78819 5005612 837254 841748 266 5010.3 0 0 9.17072 -0.00535319 -0.00535319 1 1 466.154
9.17592621 1.79158 5005820 834456 839655 267 5003.43 0 0 9.17233 -0.00621107 -0.00621107 1 1 468.016
9.17757702 1.7915 5005320 834433 839928 268 5008.77 0 0 9.174 -0.00656372 -0.00656372 1 1 469.845
9.17922878 1.78938 5005824 836293 842574 269 5001.91 0 0 9.17563 -0.00748246 -0.00748246 1 1 471.431
9.1808815 1.78509 5004853 839720 846450 270 4978.26 0 0 9.17732 -0.00798263 -0.00798263 1 1 473.269
9.18255424 1.78091 5005805 843404 850820 271 4939.35 0 0 9.17895 -0.0087545 -0.0087545 1 1 475.164
9.18420792 1.77805 5005902 845830 853873 272 4944.69 0 0 9.18064 -0.00946407 -0.00946407 1 1 476.984
9.1859026 1.77538 5005294 847993 856344 273 4912.64 0 0 9.18233 -0.00979978 -0.00979978 1 1 478.86
9.18757725 1.7738 5005508 849372 858463 274 4914.17 0 0 9.18402 -0.0106463 -0.0106463 1 1 480.661
9.18927383 1.77184 5004346 850835 860578 275 4905.01 0 0 9.18569 -0.011386 -0.011386 1 1 482.264
9.19097042 1.76896 5004071 853244 863364 276 4912.64 0 0 9.1874 -0.0117908 -0.0117908 1 1 484.112
9.19266796 1.76474 5003517 856759 867338 277 4898.15 0 0 9.18911 -0.0122721 -0.0122721 1 1 485.953
9.19438553 1.7605 5001240 860011 871372 278 4878.31 0 0 9.1908 -0.0131238 -0.0131238 1 1 487.854
9.19610405 1.75745 5001079 862609 874252 279 4879.07 0 0 9.19253 -0.0134071 -0.0134071 1 1 489.651
9.19782352 1.75863 4999726 861355 873868 280 4856.18 0 0 9.19422 -0.0144226 -0.0144226 1 1 491.493
9.19956398 1.76463 4999172 856112 868886 281 4865.34 0 0 9.19597 -0.0148107 -0.0148107 1 1 493.388
9.20130444 1.77587 4999912 846664 859689 282 4837.11 0 0 9.19769 -0.0152668 -0.0152668 1 1 495.237
9.20304585 1.79054 4999339 834236 847918 283 4833.3 0 0 9.19945 -0.0162676 -0.0162676 1 1 497.117
9.20478821 1.80505 5000751 822456 836440 284 4830.24 0 0 9.20117 -0.0168598 -0.0168598 1 1 498.913
9.20655155 1.81688 5000911 812810 827071 285 4821.85 0 0 9.20298 -0.0173932 -0.0173932 1 1 500.757
9.2083149 1.82342 5001817 807658 822257 286 4814.22 0 0 9.20471 -0.0179143 -0.0179143 1 1 502.601
9.21010017 1.82562 5000803 805716 820941 287 4779.13 0 0 9.20654 -0.0187199 -0.0187199 1 1 504.453
9.21186543 1.82492 5001275 806357 822101 288 4776.84 0 0 9.20825 -0.0193367 -0.0193367 1 1 506.295
9.21365166 1.82191 5002268 808952 825411 289 4757.76 0 0 9.21008 -0.0201418 -0.0201418 1 1 508.196
9.21545887 1.81646 5002642 813431 830439 290 4741.74 0 0 9.21185 -0.0206934 -0.0206934 1 1 510.064
9.21724701 1.80939 5002811 819228 836857 291 4724.19 0 0 9.21366 -0.0212908 -0.0212908 1 1 511.859
9.21905613 1.79967 5002019 827101 845589 292 4720.38 0 0 9.21542 -0.0221066 -0.0221066 1 1 513.712
9.22088528 1.78754 5002831 837331 856715 293 4716.56 0 0 9.21727 -0.0228858 -0.0228858 1 1 515.553
9.2226963 1.77288 5003079 849740 869837 294 4702.83 0 0 9.21908 -0.0233754 -0.0233754 1 1 517.386
9.22452736 1.7561 5003140 864131 885003 295 4679.94 0 0 9.22093 -0.0238666 -0.0238666 1 1 519.278
9.22635937 1.7384 5001817 879325 901427 296 4670.02 0 0 9.22273 -0.0248245 -0.0248245 1 1 521.127
9.22819138 1.72111 5001250 894560 917580 297 4663.16 0 0 9.2246 -0.0254078 -0.0254078 1 1 522.974
9.23004627 1.7048 4998097 908696 932820 298 4632.64 0 0 9.22645 -0.0262016 -0.0262016 1 1 524.85
9.23190022 1.6891 4909772 906767 931158 299 4621.96 0 0 9.22832 -0.0265434 -0.0265434 1 1 526.696
9.23375607 1.67645 5005515 936218 962033 300 4624.25 0 0 9.23012 -0.0272004 -0.0272004 1 1 528.542
9.23563194 1.66679 5004659 945138 971893 301 4608.22 0 0 9.23203 -0.0279148 -0.0279148 1 1 530.392
9.23750973 1.66046 5004848 951181 978831 302 4605.17 0 0 9.23389 -0.0286546 -0.0286546 1 1 532.153
9.23938847 1.65702 5004851 954456 982641 303 4601.36 0 0 9.2358 -0.0291023 -0.0291023 1 1 533.997
9.24128723 1.65657 5000382 954031 982856 304 4585.34 0 0 9.23764 -0.0297664 -0.0297664 1 1 535.844
9.2431879 1.65861 4913133 935474 964614 305 4573.89 0 0 9.23957 -0.0306747 -0.0306747 1 1 537.7
9.24508858 1.66005 5008961 952347 982911 306 4571.6 0 0 9.24146 -0.0315891 -0.0315891 1 1 539.562
9.24699116 1.66086 5008113 951416 982452 307 4569.31 0 0 9.2434 -0.0321001 -0.0321001 1 1 541.364
9.24891376 1.66108 5007249 951041 982726 308 4545.66 0 0 9.2453 -0.0327732 -0.0327732 1 1 543.201
9.25083733 1.66118 5007420 950981 983309 309 4551.77 0 0 9.24725 -0.0334293 -0.0334293 1 1 545.045
9.25276184 1.6613 5007466 950878 983850 310 4524.3 0 0 9.24915 -0.0340877 -0.0340877 1 1 546.933
9.25470829 1.6623 5006439 949728 983354 311 4515.14 0 0 9.2511 -0.0347935 -0.0347935 1 1 548.777
9.25663471 1.66345 5006702 948686 982993 312 4521.25 0 0 9.25302 -0.0355241 -0.0355241 1 1 550.618
9.2586031 1.66479 5006403 947363 982362 313 4505.23 0 0 9.255 -0.0362775 -0.0362775 1 1 552.502
9.26055145 1.66604 5005083 945928 981367 314 4515.91 0 0 9.25693 -0.03678 -0.03678 1 1 554.341
9.26252079 1.66882 5001095 942556 978669 315 4493.78 0 0 9.25887 -0.0375981 -0.0375981 1 1 556.188
9.26449203 1.67308 4910660 921572 957573 316 4512.09 0 0 9.26087 -0.038321 -0.038321 1 1 558.028
9.26646328 1.67594 5007044 936978 974204 317 4481.57 0 0 9.26285 -0.0389609 -0.0389609 1 1 559.894
9.26845646 1.67917 5005349 933642 971257 318 4451.06 0 0 9.26487 -0.039498 -0.039498 1 1 561.737
9.27045059 1.68242 5004838 930513 968748 319 4457.92 0 0 9.26681 -0.0402684 -0.0402684 1 1 563.577
9.27244473 1.68478 5002491 927891 966763 320 4438.09 0 0 9.26884 -0.0410391 -0.0410391 1 1 565.42
9.27444077 1.68668 4994892 924721 964031 321 4439.61 0 0 9.27083 -0.0416314 -0.0416314 1 1 567.259
9.27645779 1.6889 4974972 918985 958871 322 4439.61 0 0 9.27287 -0.0424867 -0.0424867 1 1 569.155
9.27847576 1.68891 5007963 925070 965983 323 4435.03 0 0 9.27483 -0.0432768 -0.0432768 1 1 570.988
9.28051472 1.68935 5007141 924516 965977 324 4425.88 0 0 9.27689 -0.0438696 -0.0438696 1 1 572.834
9.2825346 1.69037 5006242 923404 965420 325 4402.23 0 0 9.27889 -0.0444964 -0.0444964 1 1 574.677
9.28457642 1.69116 5006269 922684 965344 326 4402.23 0 0 9.28094 -0.0451977 -0.0451977 1 1 576.564
9.28661919 1.69218 5005093 921526 964992 327 4401.46 0 0 9.28298 -0.0460888 -0.0460888 1 1 578.404
9.28868198 1.69262 5003889 920902 964910 328 4401.46 0 0 9.28506 -0.0466812 -0.0466812 1 1 580.267
9.29074764 1.69304 5004868 920694 965359 329 4390.78 0 0 9.28712 -0.0473723 -0.0473723 1 1 582.11
9.2928133 1.69316 5004890 920584 966013 330 4386.97 0 0 9.28915 -0.048169 -0.048169 1 1 583.957
9.29487991 1.69332 5005755 920602 966883 331 4380.1 0 0 9.29123 -0.0490497 -0.0490497 1 1 585.807
9.29696751 1.69199 5004726 921635 968436 332 4349.58 0 0 9.2933 -0.0495331 -0.0495331 1 1 587.661
9.29905701 1.68906 5003741 924157 971798 333 4364.08 0 0 9.2954 -0.050266 -0.050266 1 1 589.497
9.30114746 1.6843 5004034 928620 977083 334 4362.55 0 0 9.29745 -0.050872 -0.050872 1 1 591.332
9.30323887 1.67844 5003876 934046 983704 335 4357.21 0 0 9.29956 -0.0517993 -0.0517993 1 1 593.218
9.30535126 1.67196 5003420 940031 990894 336 4354.16 0 0 9.30167 -0.0526947 -0.0526947 1 1 595.063
9.30746555 1.66464 5003438 946946 998659 337 4346.53 0 0 9.30376 -0.0531713 -0.0531713 1 1 596.91
9.30960083 1.65743 5003401 953785 1006530 338 4346.53 0 0 9.30592 -0.0538257 -0.0538257 1 1 598.758
9.31171608 1.64989 5003219 960974 1014977 339 4318.3 0 0 9.30803 -0.0546738 -0.0546738 1 1 600.604
9.31385422 1.64282 5003159 967781 1023054 340 4342.72 0 0 9.31018 -0.0555417 -0.0555417 1 1 602.452
9.31599236 1.63538 5001845 974755 1031045 341 4329.75 0 0 9.31229 -0.0561419 -0.0561419 1 1 604.297
9.31815243 1.62945 5002315 980637 1038239 342 4320.59 0 0 9.31446 -0.0570789 -0.0570789 1 1 606.144
9.32031441 1.62479 5003234 985397 1043871 343 4311.44 0 0 9.3166 -0.0576466 -0.0576466 1 1 607.985
9.32247639 1.62186 5003043 988254 1047586 344 4308.38 0 0 9.31873 -0.058304 -0.058304 1 1 609.857
9.32463932 1.61982 5003179 990300 1050650 345 4300.76 0 0 9.32092 -0.0591563 -0.0591563 1 1 611.734
9.32680416 1.61765 5003075 992428 1053676 346 4301.52 0 0 9.32306 -0.0598858 -0.0598858 1 1 613.535
9.32899094 1.61532 5002385 994611 1056871 347 4276.34 0 0 9.32527 -0.0607162 -0.0607162 1 1 615.387
9.33119869 1.6121 5002604 997860 1061135 348 4286.26 0 0 9.32744 -0.0614814 -0.0614814 1 1 617.226
9.33338737 1.60759 5001528 1002156 1066402 349 4283.97 0 0 9.32966 -0.0621367 -0.0621367 1 1 619.121
9.33559799 1.60177 5002306 1008160 1073496 350 4256.5 0 0 9.33187 -0.0627937 -0.0627937 1 1 620.98
9.33780861 1.59544 5000932 1014284 1080956 351 4266.42 0 0 9.33403 -0.0636629 -0.0636629 1 1 622.804
9.34002113 1.58936 5001243 1020535 1088695 352 4232.09 0 0 9.33629 -0.0646527 -0.0646527 1 1 624.68
9.34223461 1.58426 5001775 1025866 1095054 353 4238.96 0 0 9.33847 -0.0652665 -0.0652665 1 1 626.48
9.34447002 1.58135 5001169 1028726 1098964 354 4219.88 0 0 9.34071 -0.0660467 -0.0660467 1 1 628.326
9.34670734 1.58011 5001198 1030010 1100862 355 4194.71 0 0 9.34295 -0.066525 -0.066525 1 1 630.171
9.34896564 1.58038 5001553 1029808 1101318 356 4163.42 0 0 9.34521 -0.0671352 -0.0671352 1 1 632.075
9.35120392 1.5802 5001136 1029905 1102717 357 4195.47 0 0 9.34747 -0.0683105 -0.0683105 1 1 633.933
9.35346508 1.57988 5002255 1030462 1104013 358 4152.74 0 0 9.34969 -0.0689444 -0.0689444 1 1 635.734
9.3557272 1.57915 5001931 1031151 1105339 359 4160.37 0 0 9.35199 -0.0694764 -0.0694764 1 1 637.593
9.35801125 1.57925 5002000 1031062 1106442 360 4164.95 0 0 9.35425 -0.0705601 -0.0705601 1 1 639.446
9.36029625 1.57942 5001873 1030854 1106986 361 4133.67 0 0 9.3565 -0.0712534 -0.0712534 1 1 641.295
9.36258221 1.57945 5001599 1030772 1107563 362 4121.46 0 0 9.3588 -0.071854 -0.071854 1 1 643.134
9.36487007 1.57974 5001459 1030444 1108002 363 4110.78 0 0 9.36107 -0.0725686 -0.0725686 1 1 644.977
9.36715889 1.58017 4999757 1029647 1108268 364 4094 0 0 9.36336 -0.0735824 -0.0735824 1 1 646.871
9.36946964 1.58002 4999686 1029789 1109034 365 4081.03 0 0 9.36568 -0.0741354 -0.0741354 1 1 648.716
9.37178135 1.58044 4999531 1029330 1109677 366 4077.97 0 0 9.36799 -0.0751608 -0.0751608 1 1 650.548
9.37411594 1.58055 4999421 1029189 1110459 367 4058.9 0 0 9.37034 -0.0760023 -0.0760023 1 1 652.396
9.37642956 1.58052 4999127 1029158 1111487 368 4065.77 0 0 9.37263 -0.0769577 -0.0769577 1 1 654.233
9.37876606 1.58075 4999034 1028900 1111642 369 4034.49 0 0 9.37498 -0.0773479 -0.0773479 1 1 656.063
9.38110352 1.58063 4997860 1028791 1112469 370 4036.77 0 0 9.37731 -0.0781975 -0.0781975 1 1 657.976
9.38346386 1.5804 4998184 1029094 1113758 371 4017.7 0 0 9.37961 -0.079061 -0.079061 1 1 659.823
9.38582516 1.57977 4998371 1029776 1115287 372 4005.49 0 0 9.382 -0.0797704 -0.0797704 1 1 661.668
9.38816547 1.57905 4997485 1030337 1116873 373 3987.95 0 0 9.38434 -0.0806468 -0.0806468 1 1 663.515
9.39055061 1.57817 4998120 1031376 1119224 374 4010.07 0 0 9.38669 -0.0817417 -0.0817417 1 1 665.358
9.39291573 1.57692 4997727 1032582 1120900 375 3995.57 0 0 9.38911 -0.0820694 -0.0820694 1 1 667.194
9.39530277 1.57552 4998793 1034252 1123535 376 3992.52 0 0 9.39148 -0.0828015 -0.0828015 1 1 669.104
9.39769173 1.57372 4998872 1036133 1126570 377 3959.72 0 0 9.39386 -0.0836821 -0.0836821 1 1 670.97
9.40008068 1.57137 4998617 1038519 1130070 378 3966.58 0 0 9.39626 -0.0844839 -0.0844839 1 1 672.772
9.40249252 1.56795 4999150 1042183 1134960 379 3949.03 0 0 9.39866 -0.0852798 -0.0852798 1 1 674.612
9.40490627 1.56464 4999368 1045684 1139550 380 3944.46 0 0 9.40106 -0.0859622 -0.0859622 1 1 676.45
9.40732098 1.56003 4998886 1050415 1145459 381 3936.83 0 0 9.40348 -0.0866201 -0.0866201 1 1 678.346
9.40973663 1.55519 4997592 1055239 1151857 382 3920.81 0 0 9.40589 -0.0876081 -0.0876081 1 1 680.193
9.41217518 1.54959 4996899 1061018 1158998 383 3902.49 0 0 9.40835 -0.088327 -0.088327 1 1 682.037
9.41461468 1.54471 4996476 1066117 1165749 384 3910.89 0 0 9.41076 -0.0893407 -0.0893407 1 1 683.918
9.41705608 1.53971 4994691 1071074 1171865 385 3907.07 0 0 9.41322 -0.0899346 -0.0899346 1 1 685.705
9.41949749 1.53541 4995148 1075789 1178312 386 3909.36 0 0 9.41567 -0.0910285 -0.0910285 1 1 687.551
9.42196274 1.53213 4993772 1079027 1182554 387 3895.63 0 0 9.41808 -0.0916168 -0.0916168 1 1 689.439
9.42442894 1.52903 4994144 1082464 1187228 388 3904.02 0 0 9.42057 -0.0923812 -0.0923812 1 1 691.285
9.4268961 1.52688 4994006 1084763 1190883 389 3884.95 0 0 9.42302 -0.0933335 -0.0933335 1 1 693.12
9.42936516 1.52493 4992748 1086599 1193487 390 3907.07 0 0 9.42543 -0.0938266 -0.0938266 1 1 694.969
9.43185616 1.52301 4992801 1088699 1196813 391 3890.29 0 0 9.42796 -0.0946787 -0.0946787 1 1 696.847
9.43434906 1.52163 4992594 1090161 1199663 392 3871.98 0 0 9.43046 -0.0957153 -0.0957153 1 1 698.702
9.43684292 1.51881 4991795 1093064 1203922 393 3887.24 0 0 9.43293 -0.0965998 -0.0965998 1 1 700.545
9.43935966 1.51613 4992029 1096049 1208098 394 3868.93 0 0 9.43549 -0.0973353 -0.0973353 1 1 702.38
9.44185638 1.51336 4992281 1099142 1212603 395 3854.43 0 0 9.43796 -0.0982394 -0.0982394 1 1 704.23
9.44437599 1.51041 4992214 1102382 1216917 396 3857.48 0 0 9.44044 -0.0988473 -0.0988473 1 1 706.067
9.44689655 1.50704 4991368 1105913 1221972 397 3849.85 0 0 9.443 -0.0997947 -0.0997947 1 1 707.919
9.44944 1.50319 4989942 1109864 1227047 398 3840.7 0 0 9.44552 -0.100373 -0.100373 1 1 709.764
9.45198536 1.49951 4988469 1113625 1232459 399 3847.56 0 0 9.44803 -0.101391 -0.101391 1 1 711.603
9.45453167 1.49607 4974174 1114253 1234068 400 3861.3 0 0 9.45063 -0.102132 -0.102132 1 1 713.485
9.45707989 1.49306 4985378 1120136 1241385 401 3831.54 0 0 9.45317 -0.102778 -0.102778 1 1 715.339
9.45962906 1.4909 4986262 1122757 1245478 402 3833.07 0 0 9.4557 -0.103732 -0.103732 1 1 717.184
9.46220016 1.48868 4985234 1125021 1249191 403 3809.41 0 0 9.4583 -0.104694 -0.104694 1 1 719.037
9.46477413 1.48647 4983746 1127174 1252470 404 3820.86 0 0 9.46085 -0.105404 -0.105404 1 1 720.896
9.46737099 1.48422 4982859 1129504 1256235 405 3813.23 0 0 9.4634 -0.106341 -0.106341 1 1 722.735
9.46994686 1.48213 4982184 1131724 1259935 406 3823.91 0 0 9.46601 -0.107318 -0.107318 1 1 724.578
9.47254658 1.47963 4969502 1131659 1260755 407 3810.18 0 0 9.46858 -0.108026 -0.108026 1 1 726.436
9.47514725 1.47802 4981192 1136155 1266795 408 3791.1 0 0 9.47116 -0.10884 -0.10884 1 1 728.308
9.47774982 1.47668 4981472 1137745 1269422 409 3800.26 0 0 9.47381 -0.109513 -0.109513 1 1 730.114
9.48037434 1.47562 4980797 1138793 1271951 410 3802.55 0 0 9.47642 -0.110583 -0.110583 1 1 731.958
9.48297977 1.4744 4979108 1139798 1273729 411 3795.68 0 0 9.47898 -0.111098 -0.111098 1 1 733.798
9.4856081 1.47386 4980024 1140624 1275989 412 3788.05 0 0 9.48166 -0.112146 -0.112146 1 1 735.689
9.48825932 1.47314 4979501 1141327 1277525 413 3739.22 0 0 9.48428 -0.112733 -0.112733 1 1 737.519
9.4908905 1.47258 4978651 1141773 1279500 414 3743.04 0 0 9.48686 -0.113887 -0.113887 1 1 739.357
9.49354458 1.47217 4978771 1142266 1281190 415 3758.3 0 0 9.48954 -0.114775 -0.114775 1 1 741.194
9.49620056 1.47149 4978535 1142982 1282745 416 3725.49 0 0 9.4922 -0.115362 -0.115362 1 1 743.034
9.49885845 1.47094 4978087 1143512 1284493 417 3733.12 0 0 9.49483 -0.11626 -0.11626 1 1 744.939
9.50153828 1.4703 4977681 1144153 1286278 418 3738.46 0 0 9.49753 -0.117088 -0.117088 1 1 746.74
9.50419903 1.46902 4978234 1145744 1289168 419 3741.51 0 0 9.5002 -0.117943 -0.117943 1 1 748.598
9.50688171 1.46802 4977457 1146707 1291452 420 3729.3 0 0 9.50283 -0.118873 -0.118873 1 1 750.466
9.50958824 1.46656 4961636 1144739 1290400 421 3712.52 0 0 9.50558 -0.119776 -0.119776 1 1 752.305
9.5122757 1.46453 4973754 1149870 1297178 422 3713.28 0 0 9.50825 -0.120542 -0.120542 1 1 754.148
9.51498508 1.46198 4975430 1153185 1302140 423 3714.81 0 0 9.51093 -0.121481 -0.121481 1 1 755.999
9.51769638 1.45892 4974006 1156389 1306984 424 3715.57 0 0 9.51366 -0.12242 -0.12242 1 1 757.833
9.52040958 1.45526 4973136 1160424 1312708 425 3682 0 0 9.5164 -0.123307 -0.123307 1 1 759.724
9.52312469 1.45146 4972955 1164801 1318315 426 3691.16 0 0 9.51909 -0.123804 -0.123804 1 1 761.58
9.52586269 1.44754 4971246 1168976 1324140 427 3704.13 0 0 9.52183 -0.124635 -0.124635 1 1 763.43
9.52860165 1.4434 4956713 1170393 1327023 428 3691.16 0 0 9.52457 -0.125598 -0.125598 1 1 765.274
9.53134251 1.44012 4969271 1177213 1336043 429 3672.08 0 0 9.52729 -0.126562 -0.126562 1 1 767.107
9.53410721 1.43715 4965054 1179719 1340101 430 3678.19 0 0 9.53004 -0.127469 -0.127469 1 1 768.941
9.53685188 1.43382 4967142 1184151 1346093 431 3669.79 0 0 9.53278 -0.12818 -0.12818 1 1 771.837
9.53961945 1.43082 4966159 1187470 1350751 432 3661.4 0 0 9.53557 -0.128836 -0.128836 1 1 773.663
9.54238892 1.42817 4967600 1190963 1356083 433 3646.91 0 0 9.53834 -0.129838 -0.129838 1 1 775.509
9.54518223 1.426 4966012 1193179 1359604 434 3648.43 0 0 9.54113 -0.130572 -0.130572 1 1 777.343
9.54795456 1.42316 4965661 1196485 1364979 435 3609.52 0 0 9.54394 -0.131751 -0.131751 1 1 779.23
9.55075073 1.4207 4965836 1199474 1369371 436 3607.23 0 0 9.54673 -0.132468 -0.132468 1 1 781.087
9.55354881 1.41809 4964068 1202174 1373402 437 3591.21 0 0 9.54948 -0.133159 -0.133159 1 1 782.9
9.55636978 1.41622 4963349 1204259 1377297 438 3608 0 0 9.55234 -0.134258 -0.134258 1 1 784.771
9.55917168 1.41368 4962883 1207207 1381897 439 3595.03 0 0 9.55516 -0.135148 -0.135148 1 1 786.624
9.56199646 1.41113 4961278 1209897 1386093 440 3582.06 0 0 9.55796 -0.135954 -0.135954 1 1 788.478
9.5648222 1.40885 4961390 1212680 1390309 441 3571.37 0 0 9.56082 -0.136693 -0.136693 1 1 790.27
9.56765079 1.40637 4960088 1215379 1394954 442 3553.83 0 0 9.56366 -0.137805 -0.137805 1 1 792.175
9.57050323 1.40392 4956947 1217581 1398372 443 3559.93 0 0 9.5665 -0.138443 -0.138443 1 1 793.971
9.57333469 1.40104 4953761 1220311 1402886 444 3546.2 0 0 9.56933 -0.139426 -0.139426 1 1 795.855
9.57618999 1.39828 4937249 1219609 1403150 445 3536.28 0 0 9.57216 -0.140189 -0.140189 1 1 797.694
9.57906914 1.396 4951723 1225979 1411934 446 3564.51 0 0 9.57505 -0.141221 -0.141221 1 1 799.539
9.58192825 1.39306 4949944 1229142 1416563 447 3528.65 0 0 9.5779 -0.141917 -0.141917 1 1 801.444
9.58481121 1.39064 4948106 1231667 1421152 448 3517.97 0 0 9.58075 -0.143099 -0.143099 1 1 803.236
9.58767319 1.38806 4946381 1234418 1425078 449 3521.78 0 0 9.58366 -0.143627 -0.143627 1 1 805.123
9.59058189 1.38604 4945315 1236638 1429398 450 3514.92 0 0 9.58658 -0.144857 -0.144857 1 1 806.962
9.59346962 1.38391 4943725 1238883 1432781 451 3512.63 0 0 9.58944 -0.145407 -0.145407 1 1 808.812
9.59635925 1.38206 4943877 1241212 1437173 452 3501.18 0 0 9.59236 -0.14659 -0.14659 1 1 810.651
9.59927368 1.38003 4941303 1243087 1440140 453 3511.86 0 0 9.59526 -0.147142 -0.147142 1 1 812.499
9.60218811 1.37791 4937213 1244700 1443570 454 3489.74 0 0 9.59814 -0.148225 -0.148225 1 1 814.341
9.60512733 1.37612 4936234 1246672 1446825 455 3513.39 0 0 9.60108 -0.148894 -0.148894 1 1 816.238
9.60804653 1.37405 4936973 1249449 1451652 456 3509.58 0 0 9.60399 -0.15 -0.15 1 1 818.08
9.61098957 1.37262 4937883 1251473 1455161 457 3525.6 0 0 9.60696 -0.150795 -0.150795 1 1 819.926
9.61393452 1.37064 4936460 1253590 1458902 458 3513.39 0 0 9.60989 -0.151673 -0.151673 1 1 821.761
9.61688137 1.36841 4935290 1256091 1462862 459 3492.79 0 0 9.6128 -0.15239 -0.15239 1 1 823.607
9.61983013 1.36647 4933382 1258036 1466631 460 3514.15 0 0 9.61578 -0.153416 -0.153416 1 1 825.455
9.62280273 1.36491 4931905 1259622 1469676 461 3493.55 0 0 9.61875 -0.15423 -0.15423 1 1 827.3
9.62577724 1.3633 4931338 1261511 1473335 462 3515.68 0 0 9.62169 -0.155218 -0.155218 1 1 829.157
#     BM23  -  E.S.R.F.  - Thu Dec 10 20:11:15 2015
# first crystal temperature at the end of the scan -164.8 deg C
#     BM23  -  E.S.R.F.  - Thu Dec 10 20:11:15 2015
# first crystal temperature at the end of the scan -164.8 deg C
